[ 1, 1, 6, 10, 7, 3, 5, 1, 1, 4 ]
[ 2, 2, 7, 2, 6, 5, 3, 9, 8, 2 ]
[ 6, 7, 3, 3, 3, 1, 2, 10, 3, 8 ]
[ 10, 4, 4, 4, 9, 8, 4, 6, 5, 1 ]
[ 7, 6, 5, 9, 5, 2, 1, 5, 4, 5 ]
[ 3, 5, 1, 8, 2, 6, 6, 4, 6, 6 ]
[ 5, 3, 2, 7, 1, 7, 7, 7, 10, 9 ]
[ 8, 9, 10, 6, 8, 4, 8, 8, 2, 3 ]
[ 9, 8, 9, 5, 4, 9, 10, 2, 9, 7 ]
[ 4, 10, 8, 1, 10, 10, 9, 3, 7, 10 ]
 
[ 1, 11, 2, 11, 12, 5, 10, 12, 1, 5, 10, 2 ]
[ 12, 2, 7, 7, 4, 1, 11, 2, 11, 12, 1, 4 ]
[ 8, 5, 3, 12, 8, 4, 12, 9, 4, 9, 3, 5 ]
[ 3, 12, 9, 4, 9, 2, 2, 7, 7, 4, 12, 3 ]
[ 10, 10, 12, 1, 5, 3, 5, 3, 12, 8, 8, 1 ]
[ 7, 9, 10, 8, 11, 6, 9, 10, 8, 11, 7, 6 ]
[ 4, 4, 6, 9, 7, 11, 7, 11, 6, 2, 2, 9 ]
[ 6, 8, 5, 5, 10, 9, 3, 8, 3, 6, 9, 10 ]
[ 9, 3, 8, 3, 6, 7, 4, 6, 9, 7, 4, 8 ]
[ 11, 6, 1, 10, 1, 8, 8, 5, 5, 10, 6, 11 ]
[ 2, 7, 11, 6, 2, 10, 6, 1, 10, 1, 11, 7 ]
[ 5, 1, 4, 2, 3, 12, 1, 4, 2, 3, 5, 12 ]
 
[ 1, 4, 2, 6, 15, 3, 9, 13, 10, 14, 1, 1, 8, 7, 5 ]
[ 6, 2, 1, 3, 2, 4, 13, 15, 11, 2, 9, 14, 7, 8, 12 ]
[ 4, 6, 3, 2, 8, 1, 5, 11, 15, 12, 7, 10, 3, 3, 9 ]
[ 3, 1, 6, 4, 14, 2, 12, 4, 4, 15, 10, 7, 11, 5, 13 ]
[ 15, 5, 11, 14, 5, 9, 3, 7, 12, 5, 8, 13, 6, 4, 1 ]
[ 2, 3, 4, 1, 12, 6, 6, 10, 13, 8, 14, 9, 5, 11, 6 ]
[ 10, 13, 8, 12, 11, 7, 7, 5, 14, 9, 3, 4, 2, 1, 7 ]
[ 13, 12, 7, 8, 3, 10, 11, 8, 8, 6, 5, 15, 1, 2, 14 ]
[ 14, 11, 15, 9, 13, 5, 1, 9, 9, 7, 2, 6, 12, 10, 3 ]
[ 7, 10, 12, 13, 10, 8, 14, 6, 1, 10, 4, 3, 15, 9, 11 ]
[ 11, 9, 5, 15, 7, 14, 8, 3, 2, 13, 11, 11, 4, 6, 10 ]
[ 12, 8, 10, 7, 6, 13, 4, 14, 5, 3, 12, 12, 9, 15, 2 ]
[ 8, 7, 13, 10, 9, 12, 2, 1, 6, 11, 15, 5, 13, 13, 4 ]
[ 9, 15, 14, 5, 4, 11, 10, 12, 7, 1, 6, 2, 14, 14, 8 ]
[ 5, 14, 9, 11, 1, 15, 15, 2, 3, 4, 13, 8, 10, 12, 15 ]
 
[ 1, 6, 15, 1, 1, 2, 1, 1, 1, 13, 14, 1, 10, 11, 3 ]
[ 6, 2, 4, 3, 11, 1, 2, 2, 10, 9, 5, 2, 2, 2, 2 ]
[ 15, 4, 3, 2, 3, 3, 11, 3, 3, 12, 7, 10, 3, 3, 1 ]
[ 4, 3, 2, 4, 7, 15, 5, 4, 12, 4, 4, 9, 4, 4, 6 ]
[ 5, 11, 5, 7, 5, 14, 4, 9, 8, 5, 2, 5, 5, 6, 5 ]
[ 2, 1, 6, 15, 14, 6, 6, 6, 13, 6, 6, 6, 9, 5, 4 ]
[ 7, 7, 11, 5, 4, 7, 7, 12, 7, 7, 3, 8, 7, 15, 14 ]
[ 8, 8, 8, 8, 9, 8, 12, 8, 5, 11, 10, 7, 14, 13, 8 ]
[ 9, 10, 9, 12, 8, 13, 9, 5, 9, 2, 9, 4, 6, 9, 9 ]
[ 13, 9, 12, 10, 10, 10, 10, 11, 2, 10, 8, 3, 1, 10, 10 ]
[ 14, 5, 7, 11, 2, 11, 3, 10, 11, 8, 11, 11, 11, 1, 11 ]
[ 12, 12, 10, 9, 12, 12, 8, 7, 4, 3, 12, 12, 15, 12, 13 ]
[ 10, 13, 13, 13, 13, 9, 13, 14, 6, 1, 13, 15, 13, 8, 12 ]
[ 11, 14, 14, 14, 6, 5, 15, 13, 14, 14, 1, 14, 8, 14, 7 ]
[ 3, 15, 1, 6, 15, 4, 14, 15, 15, 15, 15, 13, 12, 7, 15 ]
 
[ 1, 8, 9, 10, 14, 4, 16, 17, 16, 17, 7, 13, 9, 15, 10, 13, 15, 12, 1, 3 ]
[ 6, 2, 10, 11, 12, 13, 14, 7, 17, 18, 17, 11, 18, 13, 9, 4, 12, 14, 5, 2 ]
[ 12, 1, 3, 13, 15, 15, 12, 5, 7, 9, 18, 19, 19, 11, 18, 3, 6, 5, 7, 8 ]
[ 14, 5, 2, 4, 20, 12, 15, 14, 5, 8, 9, 20, 11, 19, 19, 10, 4, 1, 8, 9 ]
[ 2, 9, 18, 9, 5, 3, 17, 18, 20, 16, 5, 4, 8, 12, 3, 15, 20, 15, 6, 4 ]
[ 5, 7, 8, 3, 16, 6, 20, 16, 14, 7, 8, 15, 10, 20, 11, 11, 13, 6, 2, 10 ]
[ 3, 10, 19, 18, 1, 10, 7, 9, 19, 20, 14, 3, 7, 6, 2, 12, 16, 20, 12, 6 ]
[ 4, 3, 11, 19, 6, 11, 5, 8, 18, 19, 16, 10, 17, 4, 8, 6, 14, 16, 14, 1 ]
[ 13, 4, 13, 20, 4, 19, 1, 2, 9, 11, 20, 9, 16, 3, 7, 1, 5, 17, 16, 5 ]
[ 15, 6, 4, 15, 13, 20, 6, 1, 8, 10, 19, 18, 20, 10, 17, 2, 1, 7, 17, 7 ]
[ 20, 12, 6, 12, 11, 16, 4, 6, 2, 3, 11, 17, 15, 9, 16, 8, 2, 8, 18, 17 ]
[ 7, 17, 7, 2, 17, 1, 19, 20, 12, 5, 2, 12, 3, 16, 13, 19, 11, 4, 3, 11 ]
[ 16, 14, 1, 6, 19, 14, 13, 12, 1, 2, 10, 16, 13, 18, 20, 9, 3, 2, 9, 18 ]
[ 8, 18, 17, 8, 7, 2, 18, 19, 15, 14, 1, 6, 2, 14, 4, 20, 19, 13, 4, 13 ]
[ 17, 16, 5, 1, 18, 5, 11, 15, 6, 1, 3, 14, 4, 17, 15, 18, 10, 3, 10, 19 ]
[ 9, 19, 16, 7, 8, 8, 9, 11, 13, 12, 6, 1, 1, 5, 6, 16, 18, 11, 13, 15 ]
[ 10, 11, 20, 17, 2, 9, 8, 10, 11, 15, 12, 2, 5, 1, 1, 14, 17, 19, 15, 12 ]
[ 11, 13, 15, 16, 3, 18, 2, 3, 10, 13, 15, 8, 14, 2, 5, 5, 7, 18, 20, 14 ]
[ 19, 15, 12, 14, 10, 17, 3, 4, 3, 4, 13, 7, 12, 8, 14, 7, 8, 9, 19, 16 ]
[ 18, 20, 14, 5, 9, 7, 10, 13, 4, 6, 4, 5, 6, 7, 12, 17, 9, 10, 11, 20 ]
 
[ 1, 19, 16, 3, 19, 8, 15, 5, 7, 18, 10, 3, 14, 12, 8, 7, 1, 14, 11, 10 ]
[ 20, 2, 20, 5, 14, 3, 18, 6, 5, 17, 16, 10, 7, 10, 2, 9, 6, 16, 7, 13 ]
[ 7, 13, 3, 16, 6, 12, 16, 11, 1, 13, 18, 11, 20, 6, 17, 2, 14, 1, 3, 17 ]
[ 9, 12, 10, 4, 7, 10, 17, 7, 6, 15, 20, 8, 19, 13, 11, 11, 13, 4, 9, 12 ]
[ 11, 10, 8, 14, 5, 13, 11, 9, 13, 14, 19, 2, 18, 1, 16, 8, 15, 2, 15, 5 ]
[ 2, 20, 11, 15, 12, 6, 9, 3, 14, 19, 12, 4, 15, 2, 10, 6, 9, 19, 17, 3 ]
[ 8, 16, 2, 13, 17, 1, 7, 15, 15, 7, 2, 1, 17, 4, 20, 18, 3, 12, 18, 4 ]
[ 19, 1, 9, 17, 13, 5, 20, 8, 4, 12, 17, 16, 9, 8, 12, 1, 7, 20, 5, 15 ]
[ 6, 14, 4, 10, 18, 2, 14, 17, 9, 6, 8, 9, 16, 5, 18, 19, 4, 13, 8, 16 ]
[ 14, 6, 15, 11, 1, 17, 10, 2, 2, 10, 15, 17, 1, 18, 5, 4, 19, 9, 4, 18 ]
[ 18, 4, 1, 12, 15, 4, 19, 18, 3, 5, 11, 20, 11, 3, 19, 20, 5, 10, 6, 14 ]
[ 16, 8, 18, 7, 4, 15, 8, 1, 12, 16, 14, 12, 6, 20, 4, 3, 18, 11, 14, 6 ]
[ 4, 18, 17, 9, 2, 18, 3, 4, 19, 20, 13, 5, 13, 19, 3, 5, 20, 7, 16, 8 ]
[ 3, 17, 12, 1, 11, 20, 5, 14, 18, 9, 1, 6, 12, 14, 9, 17, 10, 5, 20, 2 ]
[ 5, 15, 5, 20, 8, 19, 4, 16, 20, 1, 6, 7, 10, 7, 15, 12, 16, 6, 10, 11 ]
[ 15, 5, 13, 2, 9, 16, 12, 19, 8, 3, 9, 18, 2, 15, 7, 16, 12, 3, 1, 19 ]
[ 17, 3, 6, 19, 3, 14, 2, 20, 10, 4, 7, 19, 8, 9, 14, 10, 17, 8, 13, 7 ]
[ 12, 9, 7, 18, 10, 7, 1, 10, 16, 2, 5, 14, 3, 11, 13, 13, 11, 18, 12, 9 ]
[ 10, 11, 19, 6, 16, 9, 6, 13, 17, 11, 4, 13, 5, 16, 1, 15, 8, 17, 19, 1 ]
[ 13, 7, 14, 8, 20, 11, 13, 12, 11, 8, 3, 15, 4, 17, 6, 14, 2, 15, 2, 20 ]
 
[ 1, 1, 11, 1, 12, 14, 19, 4, 11, 4, 1, 5, 21, 6, 2, 19, 20, 2, 1, 17, 13 ]
[ 2, 2, 8, 19, 16, 16, 2, 3, 10, 9, 19, 7, 20, 7, 1, 2, 21, 1, 2, 13, 17 ]
[ 9, 8, 3, 3, 3, 17, 17, 2, 3, 19, 9, 4, 5, 18, 5, 21, 3, 14, 10, 4, 16 ]
[ 4, 11, 4, 4, 9, 13, 15, 1, 4, 1, 4, 3, 6, 21, 7, 18, 9, 16, 11, 3, 14 ]
[ 12, 6, 5, 17, 5, 5, 5, 7, 17, 18, 20, 1, 3, 19, 3, 6, 5, 10, 14, 11, 7 ]
[ 14, 5, 7, 13, 6, 6, 6, 6, 15, 21, 21, 19, 4, 1, 9, 5, 7, 8, 12, 8, 6 ]
[ 16, 7, 6, 15, 7, 7, 7, 5, 13, 20, 18, 2, 9, 2, 4, 7, 6, 11, 16, 10, 5 ]
[ 10, 3, 2, 10, 21, 8, 21, 8, 19, 8, 8, 15, 11, 11, 12, 17, 16, 6, 9, 6, 8 ]
[ 3, 10, 9, 9, 4, 15, 13, 19, 9, 2, 3, 9, 7, 20, 6, 20, 4, 12, 8, 9, 12 ]
[ 8, 9, 19, 8, 18, 11, 20, 10, 2, 10, 10, 13, 10, 10, 14, 13, 14, 5, 3, 7, 11 ]
[ 11, 4, 1, 11, 20, 10, 18, 11, 1, 11, 11, 17, 8, 8, 16, 15, 12, 7, 4, 5, 10 ]
[ 5, 14, 20, 20, 1, 19, 14, 15, 12, 16, 17, 12, 16, 12, 8, 12, 11, 9, 6, 12, 9 ]
[ 21, 20, 15, 6, 15, 4, 9, 14, 7, 13, 14, 10, 13, 13, 13, 10, 13, 17, 17, 2, 1 ]
[ 6, 12, 18, 21, 19, 1, 12, 13, 16, 14, 13, 14, 14, 14, 10, 14, 10, 3, 5, 16, 4 ]
[ 18, 18, 13, 7, 13, 9, 4, 12, 6, 17, 16, 8, 15, 17, 15, 11, 15, 15, 15, 19, 19 ]
[ 7, 16, 21, 18, 2, 2, 16, 17, 14, 12, 15, 16, 12, 16, 11, 16, 8, 4, 7, 14, 3 ]
[ 20, 21, 17, 5, 17, 3, 3, 16, 5, 15, 12, 11, 17, 15, 17, 8, 17, 13, 13, 1, 2 ]
[ 15, 15, 14, 16, 10, 20, 11, 20, 21, 5, 7, 21, 19, 3, 18, 4, 19, 18, 18, 18, 18 ]
[ 19, 19, 10, 2, 14, 12, 1, 9, 8, 3, 2, 6, 18, 5, 19, 1, 18, 19, 19, 15, 15 ]
[ 17, 13, 12, 12, 11, 18, 10, 18, 20, 7, 5, 20, 2, 9, 21, 9, 1, 20, 21, 20, 20 ]
[ 13, 17, 16, 14, 8, 21, 8, 21, 18, 6, 6, 18, 1, 4, 20, 3, 2, 21, 20, 21, 21 ]
 
[ 1, 19, 17, 1, 15, 1, 1, 1, 1, 1, 1, 1, 1, 1, 5, 20, 3, 21, 2, 16, 18 ]
[ 19, 2, 4, 3, 6, 5, 2, 20, 2, 2, 2, 2, 21, 2, 2, 2, 2, 2, 1, 8, 13 ]
[ 17, 4, 3, 2, 7, 3, 5, 3, 20, 3, 21, 3, 3, 3, 3, 3, 1, 3, 3, 9, 11 ]
[ 4, 3, 2, 4, 4, 7, 6, 9, 8, 4, 13, 4, 11, 4, 4, 4, 19, 4, 17, 4, 4 ]
[ 15, 6, 7, 5, 5, 2, 3, 5, 5, 20, 5, 21, 5, 5, 1, 5, 5, 5, 5, 10, 12 ]
[ 6, 5, 6, 7, 2, 6, 4, 10, 6, 8, 6, 13, 12, 6, 19, 6, 6, 6, 15, 6, 6 ]
[ 7, 7, 5, 6, 3, 4, 7, 7, 10, 9, 12, 11, 7, 7, 17, 7, 15, 7, 7, 7, 7 ]
[ 8, 20, 8, 9, 8, 10, 8, 8, 4, 6, 8, 8, 14, 13, 8, 19, 8, 8, 16, 2, 8 ]
[ 9, 9, 20, 8, 9, 9, 10, 4, 9, 7, 14, 9, 9, 11, 9, 17, 16, 9, 9, 3, 9 ]
[ 10, 10, 10, 10, 20, 8, 9, 6, 7, 10, 10, 14, 10, 12, 16, 15, 10, 10, 10, 5, 10 ]
[ 11, 11, 21, 13, 11, 11, 12, 11, 14, 11, 11, 7, 4, 9, 11, 11, 18, 17, 11, 11, 3 ]
[ 12, 12, 12, 12, 21, 13, 11, 12, 12, 14, 7, 12, 6, 10, 18, 12, 12, 15, 12, 12, 5 ]
[ 13, 21, 13, 11, 13, 12, 13, 14, 13, 13, 4, 6, 13, 8, 13, 13, 13, 19, 18, 13, 2 ]
[ 14, 14, 14, 14, 14, 14, 14, 13, 11, 12, 9, 10, 8, 14, 14, 18, 14, 16, 14, 21, 20 ]
[ 5, 15, 15, 15, 1, 19, 17, 15, 15, 16, 15, 18, 15, 15, 15, 10, 7, 12, 6, 15, 15 ]
[ 20, 16, 16, 16, 16, 16, 16, 19, 17, 15, 16, 16, 16, 18, 10, 16, 9, 14, 8, 1, 16 ]
[ 3, 17, 1, 19, 17, 17, 15, 17, 16, 17, 18, 17, 17, 17, 7, 9, 17, 11, 4, 17, 17 ]
[ 21, 18, 18, 18, 18, 18, 18, 18, 18, 18, 17, 15, 19, 16, 12, 14, 11, 18, 13, 18, 1 ]
[ 2, 1, 19, 17, 19, 15, 19, 16, 19, 19, 19, 19, 18, 19, 6, 8, 4, 13, 19, 19, 19 ]
[ 16, 8, 9, 20, 10, 20, 20, 2, 3, 5, 20, 20, 20, 21, 20, 1, 20, 20, 20, 20, 14 ]
[ 18, 13, 11, 21, 12, 21, 21, 21, 21, 21, 3, 5, 2, 20, 21, 21, 21, 1, 21, 14, 21 ]
 
[ 1, 24, 7, 12, 3, 19, 8, 9, 10, 20, 5, 21, 6, 1, 11, 2, 1, 23, 4, 18, 22, 13, 16, 15 ]
[ 15, 2, 1, 13, 6, 11, 14, 18, 19, 2, 3, 2, 21, 9, 24, 4, 5, 22, 8, 16, 17, 7, 20, 23 ]
[ 8, 15, 3, 19, 2, 18, 12, 7, 24, 23, 21, 13, 14, 16, 1, 6, 10, 11, 9, 3, 5, 3, 4, 17 ]
[ 19, 21, 23, 4, 9, 2, 11, 14, 17, 5, 12, 1, 20, 22, 4, 8, 6, 4, 3, 24, 13, 10, 7, 16 ]
[ 7, 11, 15, 17, 5, 21, 3, 10, 22, 1, 6, 20, 18, 23, 2, 5, 9, 24, 5, 14, 4, 8, 13, 12 ]
[ 13, 3, 11, 21, 4, 6, 6, 19, 23, 15, 18, 16, 10, 12, 20, 9, 22, 14, 1, 8, 2, 5, 17, 6 ]
[ 9, 22, 13, 23, 15, 7, 7, 5, 8, 18, 4, 19, 12, 2, 3, 11, 20, 1, 17, 21, 10, 16, 14, 7 ]
[ 10, 19, 12, 22, 1, 20, 15, 8, 4, 9, 17, 7, 16, 24, 5, 3, 18, 2, 6, 11, 8, 14, 8, 13 ]
[ 20, 14, 19, 6, 8, 17, 5, 22, 9, 7, 9, 18, 9, 15, 21, 1, 23, 16, 2, 10, 24, 4, 12, 3 ]
[ 18, 10, 17, 9, 7, 13, 1, 4, 5, 10, 22, 10, 23, 11, 6, 15, 16, 20, 21, 19, 14, 24, 3, 8 ]
[ 3, 1, 5, 7, 21, 14, 16, 20, 11, 24, 11, 4, 11, 18, 23, 17, 8, 19, 10, 12, 6, 15, 2, 22 ]
[ 4, 12, 14, 11, 24, 9, 17, 15, 16, 12, 20, 12, 8, 13, 7, 18, 19, 3, 23, 5, 1, 6, 22, 21 ]
[ 22, 17, 16, 24, 23, 1, 19, 3, 13, 6, 13, 15, 13, 4, 8, 14, 21, 5, 12, 2, 7, 18, 10, 20 ]
[ 14, 7, 6, 10, 20, 16, 23, 13, 2, 22, 19, 8, 24, 14, 9, 12, 14, 21, 18, 15, 3, 11, 5, 4 ]
[ 5, 23, 8, 15, 11, 10, 13, 1, 14, 16, 2, 17, 3, 20, 15, 21, 7, 15, 22, 6, 9, 12, 24, 19 ]
[ 24, 13, 18, 14, 16, 23, 22, 12, 20, 17, 7, 3, 4, 8, 10, 16, 11, 6, 16, 1, 15, 21, 9, 2 ]
[ 17, 6, 24, 2, 22, 5, 21, 11, 12, 3, 16, 23, 7, 17, 13, 10, 17, 8, 15, 4, 20, 9, 19, 18 ]
[ 16, 8, 21, 18, 13, 12, 9, 17, 1, 19, 10, 14, 22, 3, 18, 23, 24, 18, 20, 7, 11, 2, 6, 5 ]
[ 6, 9, 4, 1, 19, 8, 20, 2, 3, 14, 24, 22, 15, 21, 12, 19, 13, 7, 19, 17, 18, 23, 11, 10 ]
[ 23, 4, 20, 16, 12, 15, 10, 6, 7, 21, 8, 11, 17, 5, 14, 24, 2, 9, 13, 20, 19, 20, 18, 1 ]
[ 12, 5, 2, 20, 17, 3, 18, 21, 15, 11, 14, 24, 19, 6, 16, 22, 4, 10, 7, 13, 21, 1, 21, 9 ]
[ 21, 18, 22, 5, 10, 4, 2, 24, 6, 8, 23, 9, 1, 19, 17, 7, 12, 13, 11, 22, 16, 22, 15, 14 ]
[ 2, 16, 10, 3, 14, 22, 4, 23, 18, 13, 1, 6, 5, 7, 19, 20, 15, 12, 24, 9, 23, 17, 23, 11 ]
[ 11, 20, 9, 8, 18, 24, 24, 16, 21, 4, 15, 5, 2, 10, 22, 13, 3, 17, 14, 23, 12, 19, 1, 24 ]
 
[ 1, 18, 1, 11, 19, 3, 20, 27, 17, 1, 1, 11, 26, 3, 23, 10, 22, 28, 5, 7, 15, 9, 21, 10, 13, 25, 8, 2 ]
[ 23, 2, 22, 24, 3, 2, 19, 17, 10, 9, 17, 6, 6, 25, 21, 20, 2, 15, 2, 16, 18, 5, 28, 27, 14, 19, 4, 1 ]
[ 3, 24, 3, 27, 2, 1, 3, 25, 20, 11, 10, 8, 7, 1, 26, 19, 28, 20, 23, 3, 7, 4, 16, 5, 12, 15, 22, 17 ]
[ 12, 5, 24, 4, 27, 21, 25, 26, 4, 6, 12, 4, 28, 9, 4, 15, 15, 19, 18, 8, 10, 3, 9, 22, 7, 20, 2, 13 ]
[ 19, 4, 27, 22, 5, 28, 16, 13, 6, 5, 7, 21, 5, 26, 10, 11, 23, 13, 1, 23, 12, 2, 5, 3, 10, 14, 24, 9 ]
[ 14, 6, 14, 26, 7, 6, 9, 20, 5, 4, 16, 2, 2, 6, 27, 28, 19, 25, 17, 21, 8, 23, 22, 25, 6, 10, 15, 11 ]
[ 20, 26, 7, 25, 6, 11, 7, 15, 28, 27, 5, 18, 3, 10, 7, 9, 12, 17, 26, 1, 3, 15, 24, 23, 4, 7, 14, 16 ]
[ 27, 11, 19, 10, 18, 26, 22, 8, 24, 20, 8, 3, 18, 28, 22, 23, 11, 8, 12, 4, 6, 8, 25, 9, 16, 21, 1, 14 ]
[ 13, 10, 18, 9, 11, 16, 6, 24, 9, 2, 28, 15, 22, 4, 12, 7, 25, 9, 9, 18, 19, 1, 4, 8, 26, 17, 19, 5 ]
[ 10, 9, 11, 8, 10, 20, 17, 21, 2, 10, 3, 27, 23, 7, 5, 1, 14, 12, 10, 26, 4, 19, 13, 1, 5, 6, 18, 19 ]
[ 11, 8, 10, 1, 9, 7, 28, 11, 16, 3, 11, 1, 24, 20, 14, 5, 8, 22, 13, 15, 25, 18, 27, 19, 21, 27, 11, 6 ]
[ 4, 13, 16, 12, 21, 13, 27, 23, 15, 14, 4, 12, 12, 18, 9, 25, 7, 10, 8, 22, 5, 20, 19, 28, 3, 28, 17, 12 ]
[ 9, 12, 21, 28, 13, 12, 21, 5, 25, 23, 15, 13, 13, 24, 19, 27, 26, 5, 11, 14, 13, 17, 10, 20, 1, 22, 16, 4 ]
[ 6, 25, 6, 23, 26, 14, 18, 28, 23, 12, 24, 17, 19, 14, 11, 22, 10, 27, 20, 13, 22, 14, 14, 15, 2, 5, 7, 8 ]
[ 28, 23, 26, 15, 25, 27, 15, 7, 12, 25, 13, 9, 20, 19, 15, 4, 4, 2, 24, 11, 1, 7, 18, 14, 15, 3, 6, 21 ]
[ 24, 20, 12, 17, 28, 9, 5, 19, 11, 24, 6, 23, 27, 21, 17, 16, 16, 26, 25, 2, 16, 21, 3, 16, 8, 18, 13, 7 ]
[ 26, 17, 28, 16, 20, 19, 10, 2, 1, 18, 2, 14, 25, 27, 16, 17, 17, 7, 6, 17, 24, 13, 20, 21, 22, 9, 12, 3 ]
[ 21, 1, 9, 19, 8, 24, 14, 18, 18, 17, 22, 7, 8, 12, 28, 26, 27, 18, 4, 9, 2, 11, 15, 18, 24, 16, 10, 23 ]
[ 5, 19, 8, 18, 1, 17, 2, 16, 19, 19, 20, 25, 14, 15, 13, 3, 6, 4, 19, 24, 9, 10, 12, 11, 23, 2, 9, 10 ]
[ 7, 16, 20, 21, 17, 10, 1, 6, 3, 8, 19, 22, 15, 11, 24, 2, 20, 3, 14, 20, 26, 12, 17, 13, 28, 4, 28, 20 ]
[ 18, 28, 13, 20, 12, 4, 13, 10, 27, 26, 25, 5, 21, 16, 2, 21, 24, 23, 27, 6, 21, 16, 1, 17, 11, 8, 21, 15 ]
[ 25, 27, 2, 5, 24, 23, 8, 22, 26, 28, 18, 20, 9, 22, 8, 14, 1, 11, 28, 12, 14, 22, 6, 4, 17, 13, 3, 22 ]
[ 2, 15, 25, 14, 23, 22, 24, 12, 14, 13, 26, 16, 10, 23, 1, 8, 5, 21, 3, 5, 28, 6, 23, 7, 19, 23, 26, 18 ]
[ 16, 3, 4, 2, 22, 18, 23, 9, 8, 16, 14, 26, 11, 13, 20, 24, 21, 24, 15, 19, 17, 27, 7, 24, 18, 24, 5, 26 ]
[ 22, 14, 23, 7, 15, 25, 4, 3, 13, 15, 21, 19, 17, 2, 25, 12, 9, 6, 16, 27, 11, 26, 8, 6, 25, 1, 25, 27 ]
[ 17, 7, 15, 6, 14, 8, 26, 4, 22, 21, 23, 24, 1, 5, 3, 18, 13, 16, 7, 10, 20, 25, 26, 26, 9, 26, 23, 24 ]
[ 8, 22, 5, 3, 4, 15, 12, 1, 21, 7, 27, 10, 16, 17, 6, 13, 18, 14, 21, 25, 27, 24, 11, 2, 27, 11, 27, 25 ]
[ 15, 21, 17, 13, 16, 5, 11, 14, 7, 22, 9, 28, 4, 8, 18, 6, 3, 1, 22, 28, 23, 28, 2, 12, 20, 12, 20, 28 ]
 
[ 1, 4, 1, 2, 1, 1, 16, 1, 1, 1, 1, 19, 27, 22, 1, 7, 1, 1, 12, 24, 1, 14, 1, 20, 1, 1, 13, 1 ]
[ 4, 2, 2, 1, 2, 2, 2, 2, 2, 2, 2, 23, 17, 2, 2, 18, 13, 16, 2, 26, 2, 25, 12, 2, 22, 20, 2, 2 ]
[ 3, 3, 3, 3, 8, 11, 3, 5, 21, 3, 6, 13, 12, 3, 3, 3, 23, 3, 27, 3, 9, 3, 17, 3, 3, 3, 19, 3 ]
[ 2, 1, 4, 4, 4, 4, 18, 4, 4, 4, 4, 4, 4, 25, 4, 4, 27, 7, 23, 4, 4, 4, 19, 26, 14, 24, 17, 4 ]
[ 5, 5, 8, 5, 5, 5, 5, 3, 5, 5, 15, 20, 5, 5, 11, 5, 5, 5, 24, 12, 28, 5, 26, 19, 5, 23, 5, 21 ]
[ 6, 6, 11, 6, 6, 6, 27, 15, 10, 9, 3, 6, 16, 6, 8, 13, 18, 17, 6, 6, 6, 6, 6, 6, 6, 6, 7, 6 ]
[ 16, 7, 7, 18, 7, 27, 7, 7, 7, 14, 19, 7, 7, 10, 24, 1, 7, 4, 11, 7, 7, 7, 7, 15, 7, 7, 6, 7 ]
[ 8, 8, 5, 8, 3, 15, 8, 8, 28, 8, 8, 8, 20, 8, 6, 8, 26, 8, 8, 13, 8, 8, 8, 27, 8, 17, 24, 9 ]
[ 9, 9, 21, 9, 9, 10, 9, 28, 9, 6, 9, 9, 22, 27, 9, 9, 25, 9, 9, 9, 3, 13, 9, 9, 17, 9, 14, 8 ]
[ 10, 10, 10, 10, 10, 9, 14, 10, 6, 10, 21, 10, 10, 7, 28, 22, 10, 25, 10, 10, 11, 16, 10, 10, 18, 10, 10, 15 ]
[ 11, 11, 6, 11, 15, 3, 19, 11, 11, 21, 11, 16, 11, 11, 5, 12, 11, 23, 7, 11, 10, 11, 18, 11, 11, 11, 11, 11 ]
[ 19, 23, 13, 12, 20, 12, 12, 12, 12, 12, 16, 12, 3, 12, 12, 11, 12, 12, 1, 5, 22, 21, 2, 12, 12, 12, 12, 12 ]
[ 27, 17, 12, 13, 13, 16, 13, 20, 22, 13, 13, 3, 13, 13, 13, 6, 2, 13, 13, 8, 13, 9, 13, 13, 13, 13, 1, 13 ]
[ 22, 14, 14, 25, 14, 14, 10, 14, 27, 7, 14, 14, 14, 14, 14, 14, 14, 14, 21, 14, 19, 1, 14, 28, 4, 14, 9, 24 ]
[ 15, 15, 15, 15, 11, 8, 24, 6, 15, 28, 5, 15, 15, 15, 15, 20, 15, 26, 15, 16, 15, 15, 15, 7, 15, 18, 15, 10 ]
[ 7, 18, 16, 16, 16, 13, 1, 16, 16, 22, 12, 11, 6, 16, 20, 16, 16, 2, 16, 15, 16, 10, 16, 16, 16, 16, 16, 16 ]
[ 17, 13, 23, 27, 17, 18, 17, 26, 25, 17, 17, 17, 2, 17, 17, 17, 17, 6, 17, 17, 17, 17, 3, 17, 9, 8, 4, 17 ]
[ 18, 16, 18, 7, 18, 17, 4, 18, 18, 25, 23, 18, 18, 18, 26, 2, 6, 18, 18, 18, 18, 18, 11, 18, 10, 15, 18, 18 ]
[ 12, 19, 27, 23, 24, 19, 11, 19, 19, 19, 7, 1, 19, 21, 19, 19, 19, 19, 19, 19, 14, 19, 4, 5, 19, 19, 3, 19 ]
[ 24, 26, 20, 20, 12, 20, 20, 13, 20, 20, 20, 5, 8, 20, 16, 15, 20, 20, 20, 20, 20, 28, 20, 1, 20, 2, 20, 22 ]
[ 21, 21, 9, 21, 28, 21, 21, 21, 3, 11, 10, 22, 21, 19, 21, 21, 21, 21, 14, 21, 21, 12, 25, 21, 23, 21, 21, 5 ]
[ 14, 25, 22, 22, 22, 22, 22, 22, 13, 16, 22, 21, 9, 1, 22, 10, 22, 22, 22, 28, 12, 22, 22, 22, 2, 22, 22, 20 ]
[ 23, 12, 17, 19, 26, 23, 23, 23, 23, 23, 18, 2, 23, 23, 23, 23, 3, 11, 4, 23, 25, 23, 23, 23, 21, 5, 23, 23 ]
[ 20, 24, 24, 26, 19, 24, 15, 27, 24, 24, 24, 24, 24, 28, 7, 24, 24, 24, 5, 1, 24, 24, 24, 24, 24, 4, 8, 14 ]
[ 25, 22, 25, 14, 25, 25, 25, 25, 17, 18, 25, 25, 25, 4, 25, 25, 9, 10, 25, 25, 23, 2, 21, 25, 25, 28, 25, 26 ]
[ 26, 20, 26, 24, 23, 26, 26, 17, 26, 26, 26, 26, 26, 26, 18, 26, 8, 15, 26, 2, 26, 26, 5, 4, 28, 26, 26, 25 ]
[ 13, 27, 19, 17, 27, 7, 6, 24, 14, 27, 27, 27, 1, 9, 27, 27, 4, 27, 3, 27, 27, 27, 27, 8, 27, 27, 27, 27 ]
[ 28, 28, 28, 28, 21, 28, 28, 9, 8, 15, 28, 28, 28, 24, 10, 28, 28, 28, 28, 22, 5, 20, 28, 14, 26, 25, 28, 28 ]
 
[ 1, 22, 7, 6, 16, 3, 25, 1, 11, 30, 10, 18, 3, 15, 25, 5, 5, 19, 29, 13, 27, 16, 17, 29, 13, 24, 7, 20, 19, 9 ]
[ 26, 2, 24, 19, 21, 5, 16, 12, 17, 13, 6, 6, 10, 2, 9, 20, 28, 7, 13, 18, 11, 27, 25, 11, 21, 10, 28, 17, 30, 5 ]
[ 7, 8, 3, 11, 28, 7, 13, 13, 6, 16, 4, 17, 25, 23, 3, 11, 21, 26, 12, 25, 19, 30, 18, 20, 1, 18, 1, 4, 27, 26 ]
[ 21, 15, 26, 4, 13, 9, 10, 28, 20, 29, 18, 10, 24, 22, 18, 26, 7, 11, 30, 12, 29, 12, 4, 27, 16, 3, 5, 11, 20, 3 ]
[ 19, 21, 22, 27, 5, 11, 30, 29, 18, 25, 2, 11, 4, 6, 14, 29, 16, 1, 1, 17, 6, 19, 13, 5, 2, 12, 23, 8, 16, 21 ]
[ 27, 5, 8, 14, 11, 6, 15, 20, 24, 3, 21, 5, 20, 11, 27, 12, 30, 13, 7, 8, 2, 26, 1, 21, 6, 29, 15, 22, 28, 2 ]
[ 25, 18, 13, 21, 15, 13, 7, 3, 21, 23, 29, 22, 1, 16, 1, 2, 6, 14, 4, 7, 9, 23, 22, 10, 3, 8, 25, 12, 9, 27 ]
[ 8, 29, 20, 25, 18, 15, 6, 8, 30, 11, 9, 16, 15, 3, 6, 24, 24, 17, 22, 27, 13, 18, 19, 22, 27, 5, 20, 7, 17, 10 ]
[ 30, 26, 2, 22, 20, 17, 22, 11, 9, 9, 1, 7, 19, 19, 29, 13, 27, 12, 26, 23, 23, 7, 21, 28, 4, 27, 14, 14, 21, 8 ]
[ 11, 28, 14, 29, 7, 19, 29, 30, 10, 10, 8, 20, 17, 17, 22, 27, 13, 21, 28, 4, 4, 20, 12, 26, 23, 13, 2, 2, 12, 1 ]
[ 9, 6, 18, 26, 2, 21, 28, 10, 8, 1, 11, 2, 12, 21, 26, 4, 23, 3, 25, 24, 5, 14, 3, 6, 5, 4, 16, 18, 15, 11 ]
[ 2, 30, 19, 10, 25, 14, 4, 23, 29, 20, 24, 12, 22, 24, 17, 9, 3, 6, 15, 29, 12, 10, 20, 14, 30, 7, 11, 5, 4, 25 ]
[ 3, 17, 25, 5, 23, 1, 1, 25, 2, 28, 20, 8, 13, 28, 7, 6, 2, 9, 10, 3, 26, 15, 24, 4, 7, 17, 13, 10, 14, 19 ]
[ 28, 14, 5, 17, 12, 24, 18, 21, 19, 27, 25, 25, 9, 14, 10, 7, 26, 20, 27, 16, 30, 13, 6, 30, 12, 9, 26, 19, 11, 24 ]
[ 20, 1, 15, 30, 26, 20, 27, 27, 25, 18, 23, 19, 6, 4, 15, 30, 12, 28, 21, 6, 17, 11, 16, 7, 8, 16, 8, 23, 13, 28 ]
[ 29, 7, 23, 15, 19, 4, 14, 19, 3, 24, 28, 26, 11, 20, 30, 16, 29, 16, 5, 2, 8, 5, 28, 1, 17, 30, 22, 15, 1, 23 ]
[ 18, 10, 12, 1, 22, 16, 5, 24, 28, 2, 27, 15, 28, 13, 21, 8, 17, 22, 17, 26, 3, 8, 14, 18, 9, 2, 10, 13, 24, 29 ]
[ 22, 20, 4, 3, 17, 23, 2, 17, 15, 5, 26, 28, 30, 7, 11, 18, 22, 18, 24, 14, 1, 24, 26, 8, 19, 11, 29, 3, 8, 4 ]
[ 16, 9, 21, 8, 29, 18, 24, 5, 26, 14, 13, 3, 26, 27, 12, 1, 19, 29, 19, 28, 15, 1, 2, 16, 10, 14, 9, 27, 5, 22 ]
[ 6, 16, 27, 12, 3, 27, 20, 15, 12, 4, 22, 29, 8, 18, 8, 14, 25, 2, 23, 20, 10, 4, 29, 9, 15, 1, 6, 21, 10, 13 ]
[ 14, 11, 17, 9, 6, 2, 23, 4, 22, 7, 5, 21, 29, 5, 19, 10, 15, 25, 3, 22, 21, 9, 7, 2, 11, 20, 30, 24, 23, 6 ]
[ 24, 4, 10, 7, 8, 28, 21, 18, 23, 21, 19, 23, 16, 1, 5, 17, 8, 24, 18, 9, 7, 22, 9, 17, 26, 6, 12, 25, 22, 20 ]
[ 12, 3, 28, 23, 27, 10, 9, 26, 7, 22, 16, 9, 5, 29, 16, 28, 20, 30, 11, 21, 22, 21, 23, 13, 18, 15, 24, 30, 7, 15 ]
[ 17, 12, 29, 13, 24, 30, 11, 22, 16, 6, 14, 30, 23, 25, 2, 22, 18, 8, 8, 19, 25, 17, 27, 24, 14, 21, 4, 1, 18, 12 ]
[ 13, 24, 1, 2, 30, 25, 3, 7, 5, 15, 12, 24, 7, 30, 13, 21, 11, 27, 20, 1, 14, 28, 8, 12, 25, 22, 3, 29, 26, 14 ]
[ 23, 27, 11, 18, 10, 22, 17, 2, 27, 19, 3, 13, 14, 9, 4, 3, 9, 4, 14, 30, 16, 25, 11, 15, 29, 26, 19, 26, 6, 18 ]
[ 15, 19, 6, 24, 4, 8, 8, 6, 14, 26, 7, 1, 27, 26, 20, 25, 14, 10, 9, 15, 28, 3, 5, 23, 20, 19, 27, 9, 2, 17 ]
[ 4, 13, 30, 16, 9, 29, 19, 14, 13, 17, 15, 27, 2, 10, 23, 15, 10, 23, 2, 11, 18, 6, 30, 3, 22, 28, 17, 28, 25, 16 ]
[ 5, 23, 9, 20, 1, 26, 12, 16, 4, 12, 17, 4, 18, 8, 24, 19, 1, 5, 16, 10, 20, 29, 10, 19, 28, 25, 21, 6, 29, 7 ]
[ 10, 25, 16, 28, 14, 12, 26, 9, 1, 8, 30, 14, 21, 12, 28, 23, 4, 15, 6, 5, 24, 2, 15, 25, 24, 23, 18, 16, 3, 30 ]
 
[ 1, 15, 1, 7, 1, 1, 4, 13, 1, 1, 1, 1, 8, 1, 2, 1, 1, 1, 1, 25, 26, 1, 1, 1, 20, 21, 1, 1, 1, 34, 1, 1, 1, 30,   36, 35 ]
[ 15, 2, 20, 2, 2, 2, 12, 14, 2, 2, 2, 7, 2, 8, 1, 2, 2, 2, 2, 3, 2, 2, 2, 30, 2, 31, 2, 36, 2, 24, 26, 2, 2, 2,   2, 28 ]
[ 3, 20, 3, 3, 24, 12, 3, 3, 3, 3, 14, 6, 3, 11, 25, 3, 3, 3, 3, 2, 3, 3, 3, 5, 15, 3, 3, 29, 28, 3, 32, 31, 3, 3,   3, 3 ]
[ 7, 4, 4, 4, 4, 25, 1, 4, 4, 34, 4, 15, 19, 4, 12, 4, 35, 4, 13, 4, 22, 21, 4, 4, 6, 4, 4, 4, 4, 4, 4, 4, 4, 10,   17, 4 ]
[ 5, 5, 24, 5, 5, 10, 5, 5, 29, 6, 18, 5, 5, 5, 5, 5, 5, 11, 5, 30, 5, 5, 5, 3, 34, 5, 5, 5, 9, 20, 5, 33, 32, 25,   5, 5 ]
[ 6, 6, 12, 25, 10, 6, 20, 6, 6, 5, 19, 3, 6, 6, 6, 6, 29, 6, 11, 7, 6, 32, 6, 6, 4, 6, 6, 6, 17, 6, 6, 22, 6, 6,   6, 6 ]
[ 4, 12, 7, 1, 7, 20, 7, 19, 7, 30, 7, 2, 7, 7, 7, 7, 36, 7, 8, 6, 7, 26, 7, 7, 7, 22, 7, 7, 7, 10, 7, 7, 7, 7, 7, 17  ]
[ 13, 14, 8, 8, 8, 8, 19, 8, 8, 8, 20, 8, 1, 2, 8, 8, 8, 30, 7, 11, 8, 8, 36, 8, 8, 27, 26, 8, 8, 18, 8, 8, 8, 8,   8, 23 ]
[ 9, 9, 9, 9, 29, 9, 9, 9, 9, 17, 9, 9, 9, 9, 9, 33, 10, 23, 9, 9, 9, 9, 18, 28, 9, 9, 9, 24, 5, 36, 9, 9, 16, 35,   34, 30 ]
[ 10, 10, 10, 34, 6, 5, 30, 10, 17, 10, 10, 24, 10, 10, 10, 10, 9, 19, 18, 10, 10, 33, 10, 12, 10, 10, 10, 10, 10, 7,   10, 10, 22, 4, 10, 10 ]
[ 11, 11, 14, 11, 18, 19, 11, 20, 11, 11, 11, 11, 25, 3, 11, 11, 11, 5, 6, 8, 11, 11, 29, 11, 13, 11, 32, 11, 23, 11,   11, 27, 11, 11, 11, 11 ]
[ 12, 7, 6, 15, 12, 3, 2, 12, 12, 24, 12, 12, 12, 19, 4, 12, 28, 12, 14, 12, 12, 31, 12, 10, 12, 12, 12, 17, 12, 12,   22, 12, 12, 12, 12, 12 ]
[ 8, 13, 13, 19, 13, 13, 13, 1, 13, 13, 25, 13, 13, 15, 14, 13, 13, 34, 4, 13, 27, 13, 35, 13, 11, 13, 21, 13, 13,   13, 13, 13, 13, 18, 23, 13 ]
[ 14, 8, 11, 14, 14, 14, 14, 2, 14, 14, 3, 19, 15, 14, 13, 14, 14, 24, 12, 14, 14, 14, 28, 18, 14, 14, 31, 23, 14,   14, 27, 14, 14, 14, 14, 14 ]
[ 2, 1, 25, 12, 15, 15, 15, 15, 15, 15, 15, 4, 14, 13, 15, 15, 15, 15, 15, 15, 31, 15, 15, 34, 3, 15, 15, 35, 15, 15,   21, 15, 15, 24, 28, 15 ]
[ 16, 16, 16, 16, 16, 16, 16, 16, 33, 16, 16, 16, 16, 16, 16, 16, 22, 16, 16, 16, 35, 17, 27, 16, 16, 36, 23, 31, 32,   16, 28, 29, 9, 16, 21, 26 ]
[ 17, 17, 17, 35, 17, 29, 36, 17, 10, 9, 17, 28, 17, 17, 17, 22, 17, 17, 23, 17, 17, 16, 19, 17, 17, 17, 17, 12, 6,   17, 17, 17, 17, 17, 4, 7 ]
[ 18, 18, 18, 18, 11, 18, 18, 30, 23, 19, 5, 18, 34, 24, 18, 18, 18, 18, 10, 18, 18, 18, 9, 14, 18, 18, 33, 18, 18,   8, 18, 18, 27, 13, 18, 18 ]
[ 19, 19, 19, 13, 19, 11, 8, 7, 19, 18, 6, 14, 4, 12, 19, 19, 23, 10, 19, 19, 19, 27, 17, 19, 19, 19, 22, 19, 19, 19,   19, 19, 19, 19, 19, 19 ]
[ 25, 3, 2, 20, 30, 7, 6, 11, 20, 20, 8, 20, 20, 20, 20, 20, 20, 20, 20, 20, 20, 20, 20, 20, 1, 32, 20, 20, 36, 5,   20, 26, 20, 20, 20, 29 ]
[ 26, 21, 21, 22, 21, 21, 21, 21, 21, 21, 21, 21, 27, 21, 31, 35, 21, 21, 21, 21, 21, 4, 21, 21, 32, 1, 13, 21, 21,   21, 15, 25, 34, 33, 16, 21 ]
[ 22, 22, 22, 21, 22, 32, 26, 22, 22, 33, 22, 31, 22, 22, 22, 17, 16, 22, 27, 22, 4, 22, 22, 22, 22, 7, 19, 22, 22,   22, 12, 6, 10, 22, 22, 22 ]
[ 23, 23, 23, 23, 23, 23, 23, 36, 18, 23, 29, 23, 35, 28, 23, 27, 19, 9, 17, 23, 23, 23, 23, 23, 23, 23, 16, 14, 11,   23, 23, 23, 23, 23, 13, 8 ]
[ 24, 30, 5, 24, 3, 24, 24, 24, 28, 12, 24, 10, 24, 18, 34, 24, 24, 14, 24, 24, 24, 24, 24, 24, 24, 24, 24, 9, 24, 2,   33, 24, 31, 15, 24, 24 ]
[ 20, 25, 15, 6, 34, 4, 25, 25, 25, 25, 13, 25, 11, 25, 3, 25, 25, 25, 25, 1, 32, 25, 25, 25, 25, 25, 25, 25, 35, 25,   25, 21, 25, 5, 29, 25 ]
[ 21, 31, 26, 26, 26, 26, 22, 27, 26, 26, 26, 26, 26, 26, 26, 36, 26, 26, 26, 32, 1, 7, 26, 26, 26, 26, 8, 26, 26,   33, 2, 20, 30, 26, 26, 16 ]
[ 27, 27, 27, 27, 27, 27, 27, 26, 27, 27, 32, 27, 21, 31, 27, 23, 27, 33, 22, 27, 13, 19, 16, 27, 27, 8, 27, 27, 27,   27, 14, 11, 18, 27, 27, 27 ]
[ 28, 36, 29, 28, 28, 28, 28, 28, 24, 28, 28, 17, 28, 23, 35, 31, 12, 28, 28, 28, 28, 28, 14, 9, 28, 28, 28, 28, 3,   28, 16, 28, 28, 28, 15, 2 ]
[ 29, 29, 28, 29, 9, 17, 29, 29, 5, 29, 23, 29, 29, 29, 29, 32, 6, 29, 29, 36, 29, 29, 11, 29, 35, 29, 29, 3, 29, 29,   29, 16, 29, 29, 25, 20 ]
[ 34, 24, 30, 30, 20, 30, 10, 18, 36, 7, 30, 30, 30, 30, 30, 30, 30, 8, 30, 5, 30, 30, 30, 2, 30, 33, 30, 30, 30, 30,   30, 30, 26, 1, 30, 9 ]
[ 31, 26, 32, 31, 31, 31, 31, 31, 31, 31, 31, 22, 31, 27, 21, 28, 31, 31, 31, 31, 15, 12, 31, 33, 31, 2, 14, 16, 31,   31, 31, 3, 24, 31, 31, 31 ]
[ 32, 32, 31, 32, 33, 22, 32, 32, 32, 32, 27, 32, 32, 32, 32, 29, 32, 32, 32, 26, 25, 6, 32, 32, 21, 20, 11, 32, 16,   32, 3, 32, 5, 32, 32, 32 ]
[ 33, 33, 33, 33, 32, 33, 33, 33, 16, 22, 33, 33, 33, 33, 33, 9, 33, 27, 33, 33, 34, 10, 33, 31, 33, 30, 18, 33, 33,   26, 24, 5, 33, 21, 33, 33 ]
[ 30, 34, 34, 10, 25, 34, 34, 34, 35, 4, 34, 34, 18, 34, 24, 34, 34, 13, 34, 34, 33, 34, 34, 15, 5, 34, 34, 34, 34,   1, 34, 34, 21, 34, 9, 34 ]
[ 36, 35, 35, 17, 35, 35, 35, 35, 34, 35, 35, 35, 23, 35, 28, 21, 4, 35, 35, 35, 16, 35, 13, 35, 29, 35, 35, 15, 25,   35, 35, 35, 35, 9, 35, 1 ]
[ 35, 28, 36, 36, 36, 36, 17, 23, 30, 36, 36, 36, 36, 36, 36, 26, 7, 36, 36, 29, 36, 36, 8, 36, 36, 16, 36, 2, 20, 9,   36, 36, 36, 36, 1, 36 ]
 
[ 1, 29, 34, 1, 20, 12, 19, 1, 14, 1, 24, 6, 23, 9, 1, 21, 26, 1, 7, 5, 16, 1, 13, 11, 1, 17, 1, 1, 2, 1, 1, 1, 1, 3,   1, 1 ]
[ 29, 2, 18, 5, 4, 2, 36, 2, 15, 21, 2, 25, 2, 2, 9, 2, 31, 3, 2, 2, 10, 23, 22, 33, 12, 2, 2, 2, 1, 2, 17, 2, 24, 2,   2, 7 ]
[ 34, 18, 3, 3, 28, 22, 3, 9, 8, 19, 3, 3, 25, 3, 3, 36, 27, 2, 10, 3, 3, 6, 3, 32, 13, 3, 17, 5, 3, 3, 3, 24, 3, 1,   3, 16 ]
[ 4, 5, 4, 4, 2, 4, 14, 10, 19, 8, 23, 4, 24, 7, 4, 4, 4, 28, 9, 29, 4, 4, 11, 13, 32, 4, 4, 18, 20, 31, 30, 25, 4,   4, 4, 4 ]
[ 20, 4, 28, 2, 5, 5, 5, 21, 5, 5, 22, 32, 33, 36, 19, 5, 30, 5, 15, 1, 8, 11, 5, 5, 5, 5, 5, 3, 5, 17, 5, 12, 13, 5,   5, 14 ]
[ 12, 6, 22, 6, 6, 6, 6, 6, 31, 6, 28, 1, 6, 6, 17, 35, 15, 23, 30, 32, 6, 3, 18, 6, 29, 6, 6, 11, 25, 19, 9, 20, 6,   6, 16, 6 ]
[ 19, 36, 7, 14, 7, 7, 7, 7, 7, 34, 7, 30, 7, 4, 20, 18, 32, 16, 1, 15, 7, 7, 35, 27, 7, 7, 24, 7, 7, 12, 7, 17, 7,   10, 23, 2 ]
[ 8, 8, 9, 10, 21, 8, 8, 8, 3, 4, 8, 8, 26, 34, 18, 20, 23, 15, 8, 16, 5, 31, 17, 8, 8, 13, 8, 8, 8, 8, 22, 35, 8,   14, 32, 8 ]
[ 14, 15, 8, 19, 9, 31, 9, 3, 9, 9, 9, 9, 9, 1, 2, 9, 9, 9, 4, 36, 28, 9, 27, 35, 26, 25, 23, 21, 9, 9, 6, 9, 9, 9,   24, 20 ]
[ 10, 21, 19, 8, 10, 10, 34, 4, 10, 10, 17, 10, 10, 10, 28, 29, 11, 10, 3, 10, 2, 30, 10, 26, 35, 24, 10, 15, 16, 22,   10, 10, 10, 7, 25, 10 ]
[ 24, 11, 11, 23, 22, 28, 11, 11, 11, 17, 11, 11, 11, 35, 11, 11, 10, 11, 27, 11, 31, 5, 4, 1, 11, 11, 19, 6, 33, 11,   21, 34, 29, 32, 14, 11 ]
[ 6, 25, 12, 12, 32, 1, 30, 12, 12, 12, 12, 12, 18, 31, 26, 12, 12, 13, 12, 12, 35, 34, 12, 28, 2, 15, 12, 24, 12, 7,   14, 5, 12, 22, 21, 12 ]
[ 23, 13, 25, 24, 33, 13, 13, 26, 13, 13, 13, 18, 13, 27, 13, 30, 13, 12, 35, 13, 13, 29, 1, 4, 3, 8, 14, 13, 22, 16,   13, 13, 5, 13, 19, 13 ]
[ 9, 14, 14, 7, 36, 14, 4, 34, 1, 14, 35, 31, 27, 14, 29, 28, 25, 14, 14, 14, 14, 14, 14, 14, 17, 14, 13, 16, 15, 14,   12, 14, 14, 8, 11, 5 ]
[ 15, 9, 15, 15, 19, 17, 20, 18, 2, 28, 15, 26, 15, 29, 15, 15, 6, 8, 5, 7, 15, 27, 15, 15, 15, 12, 22, 10, 14, 15,   15, 15, 35, 15, 33, 15 ]
[ 21, 16, 36, 16, 16, 35, 18, 20, 16, 29, 16, 16, 30, 28, 16, 16, 33, 7, 16, 8, 1, 16, 16, 31, 16, 16, 16, 14, 10,   13, 24, 16, 17, 16, 6, 3 ]
[ 26, 31, 27, 17, 30, 15, 32, 23, 17, 11, 10, 17, 17, 25, 6, 33, 17, 17, 17, 17, 17, 17, 8, 17, 14, 1, 3, 17, 17, 5,   2, 7, 16, 17, 17, 17 ]
[ 18, 3, 2, 28, 18, 23, 16, 15, 18, 18, 18, 13, 12, 18, 8, 7, 18, 18, 21, 18, 19, 18, 6, 18, 18, 18, 31, 4, 34, 18,   27, 33, 32, 29, 18, 18 ]
[ 7, 19, 10, 9, 15, 30, 1, 19, 4, 3, 27, 19, 35, 19, 5, 19, 19, 21, 19, 19, 18, 19, 19, 19, 19, 32, 11, 19, 36, 6,   19, 26, 19, 19, 13, 29 ]
[ 5, 20, 20, 29, 1, 32, 15, 16, 36, 20, 20, 20, 20, 20, 7, 8, 20, 20, 20, 20, 20, 24, 33, 22, 20, 30, 20, 34, 4, 26,   20, 6, 23, 28, 20, 9 ]
[ 16, 10, 21, 21, 8, 21, 21, 5, 28, 2, 31, 35, 21, 21, 21, 1, 21, 19, 18, 21, 21, 21, 30, 21, 21, 33, 21, 9, 21, 23,   11, 21, 26, 36, 12, 34 ]
[ 22, 23, 6, 22, 11, 3, 22, 31, 22, 30, 5, 34, 29, 22, 27, 22, 22, 22, 22, 24, 22, 22, 2, 20, 22, 22, 15, 22, 13, 10,   8, 22, 22, 12, 36, 35 ]
[ 13, 22, 23, 11, 23, 18, 35, 17, 27, 23, 4, 23, 1, 23, 23, 23, 8, 6, 23, 33, 30, 2, 23, 23, 34, 23, 9, 23, 23, 21,   23, 23, 20, 25, 7, 23 ]
[ 11, 33, 32, 13, 24, 24, 27, 24, 35, 26, 1, 28, 4, 24, 24, 31, 24, 24, 24, 22, 24, 20, 24, 24, 24, 10, 7, 12, 24,   24, 16, 3, 2, 24, 9, 24 ]
[ 25, 12, 13, 32, 25, 29, 25, 25, 26, 35, 25, 2, 3, 17, 25, 25, 14, 25, 25, 25, 25, 25, 34, 25, 25, 9, 25, 33, 6, 36,   25, 4, 28, 23, 10, 30 ]
[ 17, 26, 26, 26, 26, 26, 26, 13, 25, 24, 26, 15, 8, 26, 12, 26, 1, 26, 32, 30, 33, 26, 26, 10, 9, 26, 34, 26, 31,   20, 29, 19, 21, 27, 26, 26 ]
[ 27, 27, 17, 27, 27, 27, 24, 27, 23, 27, 19, 27, 14, 13, 22, 27, 3, 31, 11, 27, 27, 15, 9, 7, 27, 34, 27, 30, 27,   28, 18, 27, 36, 26, 27, 33 ]
[ 28, 28, 5, 18, 3, 11, 28, 28, 21, 15, 6, 24, 28, 16, 10, 14, 28, 4, 28, 34, 9, 28, 28, 12, 33, 28, 30, 28, 28, 27,   28, 28, 25, 20, 28, 28 ]
[ 2, 1, 29, 20, 29, 25, 29, 29, 29, 16, 33, 29, 22, 15, 14, 10, 29, 34, 36, 4, 29, 13, 29, 29, 6, 31, 29, 29, 29, 29,   26, 29, 11, 18, 29, 19 ]
[ 30, 30, 30, 31, 17, 19, 12, 30, 30, 22, 30, 7, 16, 30, 30, 13, 5, 30, 6, 26, 23, 10, 21, 30, 36, 20, 28, 27, 30,   30, 4, 30, 30, 30, 30, 25 ]
[ 31, 17, 31, 30, 31, 9, 31, 22, 6, 31, 21, 14, 31, 12, 31, 24, 2, 27, 31, 31, 11, 8, 31, 16, 31, 29, 18, 31, 26, 4,   31, 36, 31, 31, 31, 32 ]
[ 32, 32, 24, 25, 12, 20, 17, 35, 32, 32, 34, 5, 32, 32, 32, 32, 7, 33, 26, 6, 32, 32, 32, 3, 4, 19, 32, 32, 32, 32,   36, 32, 18, 11, 8, 31 ]
[ 33, 24, 33, 33, 13, 33, 33, 33, 33, 33, 29, 33, 5, 33, 35, 17, 16, 32, 33, 23, 26, 33, 20, 2, 28, 21, 36, 25, 11,   33, 33, 18, 33, 33, 15, 27 ]
[ 3, 34, 1, 34, 34, 34, 10, 14, 34, 7, 32, 22, 34, 8, 34, 34, 34, 29, 34, 28, 36, 12, 25, 34, 23, 27, 26, 20, 18, 34,   34, 11, 34, 34, 34, 21 ]
[ 35, 35, 35, 35, 35, 16, 23, 32, 24, 25, 14, 21, 19, 11, 33, 6, 35, 35, 13, 35, 12, 36, 7, 9, 10, 35, 35, 35, 35,   35, 35, 8, 15, 35, 35, 22 ]
[ 36, 7, 16, 36, 14, 36, 2, 36, 20, 36, 36, 36, 36, 5, 36, 3, 36, 36, 29, 9, 34, 35, 36, 36, 30, 36, 33, 36, 19, 25,   32, 31, 27, 21, 22, 36 ]
 
[ 1, 31, 23, 29, 16, 1, 1, 30, 6, 21, 35, 31, 1, 36, 22, 27, 5, 29, 7, 7, 15, 10, 11, 34, 24, 13, 17, 25, 1, 14, 1,   13, 6, 28, 3, 8 ]
[ 12, 2, 34, 17, 14, 20, 32, 3, 25, 30, 2, 2, 18, 2, 28, 8, 2, 10, 11, 15, 27, 23, 7, 17, 2, 14, 29, 6, 33, 13, 12,   22, 21, 16, 25, 11 ]
[ 11, 16, 3, 3, 36, 36, 15, 2, 4, 4, 23, 3, 3, 13, 3, 34, 33, 24, 32, 12, 13, 18, 35, 27, 15, 31, 22, 19, 28, 12, 17,   29, 26, 8, 1, 3 ]
[ 18, 24, 4, 4, 28, 32, 33, 25, 3, 3, 5, 36, 12, 35, 13, 7, 24, 4, 27, 8, 11, 4, 27, 4, 31, 22, 4, 21, 18, 16, 20,   14, 30, 22, 6, 15 ]
[ 27, 26, 6, 21, 5, 5, 8, 5, 29, 23, 4, 9, 25, 26, 30, 17, 1, 5, 33, 18, 28, 12, 5, 8, 19, 5, 16, 11, 22, 32, 23, 34,   13, 15, 18, 6 ]
[ 6, 15, 5, 14, 6, 6, 29, 26, 1, 19, 27, 10, 7, 32, 20, 6, 6, 8, 24, 28, 17, 16, 18, 12, 16, 23, 6, 2, 31, 27, 13,   35, 1, 17, 4, 5 ]
[ 7, 22, 25, 30, 24, 31, 7, 24, 17, 34, 34, 21, 6, 28, 25, 4, 18, 36, 1, 1, 26, 32, 2, 7, 7, 35, 28, 7, 13, 33, 29,   23, 16, 7, 12, 9 ]
[ 14, 34, 16, 31, 8, 23, 5, 8, 8, 33, 22, 8, 22, 30, 29, 2, 29, 6, 9, 4, 9, 8, 26, 5, 20, 18, 12, 10, 8, 36, 25, 12,   35, 3, 28, 1 ]
[ 33, 35, 10, 10, 22, 33, 18, 9, 9, 9, 31, 5, 20, 24, 14, 11, 36, 17, 8, 27, 8, 29, 15, 23, 35, 28, 34, 9, 12, 28,   32, 16, 9, 13, 9, 7 ]
[ 15, 13, 9, 9, 31, 24, 11, 35, 10, 10, 10, 6, 30, 16, 21, 10, 32, 2, 12, 32, 22, 1, 31, 19, 27, 36, 26, 8, 16, 18,   10, 10, 28, 11, 33, 25 ]
[ 3, 11, 35, 28, 21, 30, 10, 13, 32, 11, 11, 17, 11, 12, 18, 9, 25, 11, 2, 26, 4, 13, 1, 20, 14, 29, 30, 5, 24, 11,   16, 31, 18, 10, 23, 2 ]
[ 2, 12, 12, 15, 29, 19, 26, 12, 22, 24, 25, 12, 4, 11, 36, 12, 14, 16, 10, 3, 35, 5, 34, 6, 17, 21, 8, 16, 9, 3, 2,   8, 34, 12, 7, 13 ]
[ 13, 10, 13, 36, 19, 29, 31, 11, 27, 18, 13, 15, 13, 3, 4, 35, 23, 30, 25, 34, 3, 11, 13, 35, 33, 1, 20, 23, 7, 2,   6, 1, 5, 9, 13, 12 ]
[ 8, 14, 21, 6, 2, 35, 27, 36, 23, 29, 17, 25, 21, 14, 9, 29, 12, 31, 18, 33, 14, 33, 24, 15, 11, 2, 14, 27, 14, 1,   34, 4, 14, 19, 32, 30 ]
[ 10, 6, 15, 12, 32, 28, 3, 17, 24, 22, 33, 13, 36, 23, 15, 26, 15, 33, 26, 2, 1, 21, 9, 14, 3, 15, 31, 20, 17, 34,   15, 30, 15, 5, 31, 4 ]
[ 17, 3, 8, 33, 1, 16, 30, 34, 31, 16, 32, 16, 24, 10, 19, 16, 27, 12, 16, 36, 20, 6, 21, 16, 6, 19, 5, 12, 10, 4,   11, 9, 7, 2, 24, 23 ]
[ 16, 17, 26, 2, 27, 17, 36, 15, 7, 20, 14, 11, 28, 25, 17, 5, 17, 9, 30, 17, 6, 19, 28, 2, 12, 33, 1, 17, 15, 35, 3,   20, 31, 6, 22, 18 ]
[ 4, 30, 27, 18, 18, 26, 9, 23, 36, 13, 18, 28, 2, 34, 11, 28, 7, 18, 14, 5, 18, 3, 6, 22, 21, 8, 24, 18, 4, 10, 19,   21, 11, 31, 5, 17 ]
[ 20, 36, 29, 23, 13, 12, 20, 21, 21, 6, 36, 24, 33, 31, 16, 19, 35, 34, 19, 19, 19, 17, 19, 10, 5, 16, 23, 3, 32,   22, 18, 28, 25, 14, 30, 19 ]
[ 19, 28, 30, 25, 35, 2, 19, 31, 34, 17, 29, 30, 9, 22, 6, 23, 20, 35, 20, 20, 16, 20, 36, 11, 8, 24, 13, 15, 26, 20,   4, 17, 22, 27, 20, 21 ]
[ 22, 29, 14, 5, 11, 34, 35, 19, 19, 1, 28, 7, 14, 21, 10, 36, 34, 21, 21, 23, 21, 15, 16, 31, 18, 12, 33, 4, 27, 31,   21, 18, 2, 21, 26, 20 ]
[ 21, 7, 24, 22, 9, 25, 23, 22, 12, 15, 8, 29, 8, 20, 1, 25, 30, 27, 35, 22, 10, 22, 32, 18, 22, 4, 3, 31, 5, 19, 22,   2, 20, 4, 17, 31 ]
[ 35, 32, 1, 19, 23, 8, 22, 18, 14, 5, 3, 33, 23, 15, 24, 20, 13, 26, 23, 21, 36, 2, 23, 9, 23, 6, 19, 13, 25, 25, 5,   7, 23, 33, 11, 16 ]
[ 28, 4, 22, 24, 7, 10, 24, 7, 15, 12, 26, 19, 16, 9, 23, 24, 4, 3, 6, 29, 30, 27, 14, 24, 1, 20, 18, 34, 11, 24, 30,   33, 24, 25, 16, 33 ]
[ 34, 25, 7, 20, 33, 22, 25, 4, 2, 26, 12, 14, 5, 17, 7, 22, 11, 32, 13, 31, 32, 25, 25, 28, 25, 27, 36, 1, 23, 23,   8, 25, 19, 24, 2, 10 ]
[ 32, 5, 17, 34, 26, 18, 12, 6, 30, 25, 24, 35, 32, 5, 26, 15, 31, 23, 15, 11, 7, 34, 8, 29, 36, 26, 10, 30, 20, 26,   33, 26, 3, 26, 21, 27 ]
[ 5, 33, 18, 27, 17, 27, 14, 32, 13, 36, 6, 32, 34, 27, 35, 1, 16, 22, 4, 9, 2, 24, 4, 3, 10, 25, 27, 14, 21, 6, 35,   27, 29, 20, 27, 26 ]
[ 24, 20, 32, 11, 4, 15, 28, 33, 28, 35, 21, 18, 17, 7, 2, 18, 28, 28, 29, 6, 5, 36, 17, 25, 34, 9, 7, 28, 3, 9, 36,   19, 10, 1, 8, 28 ]
[ 29, 21, 19, 1, 12, 13, 6, 29, 5, 14, 20, 22, 31, 29, 8, 14, 8, 1, 28, 24, 33, 9, 30, 26, 30, 11, 2, 32, 29, 29, 7,   3, 27, 36, 36, 29 ]
[ 36, 18, 20, 7, 34, 11, 16, 1, 26, 2, 30, 20, 10, 8, 5, 33, 22, 13, 17, 30, 24, 35, 29, 30, 29, 30, 11, 26, 30, 30,   24, 15, 4, 32, 19, 14 ]
[ 31, 1, 33, 8, 10, 7, 13, 20, 16, 31, 9, 1, 29, 19, 31, 32, 26, 14, 34, 25, 31, 31, 10, 21, 4, 3, 15, 22, 6, 21, 31,   11, 17, 18, 15, 22 ]
[ 26, 23, 28, 35, 15, 4, 2, 27, 11, 32, 16, 27, 26, 6, 34, 31, 10, 25, 3, 10, 25, 7, 22, 36, 32, 32, 32, 29, 19, 5,   9, 32, 36, 30, 14, 32 ]
[ 9, 27, 31, 16, 25, 9, 4, 28, 33, 8, 15, 23, 19, 33, 33, 30, 3, 15, 5, 14, 29, 14, 33, 33, 13, 17, 21, 35, 2, 7, 26,   24, 33, 23, 10, 24 ]
[ 25, 8, 2, 26, 30, 21, 34, 16, 20, 7, 7, 34, 27, 18, 32, 3, 21, 19, 31, 13, 34, 26, 12, 1, 28, 34, 9, 24, 35, 15,   14, 5, 12, 34, 34, 35 ]
[ 23, 9, 11, 32, 20, 14, 21, 10, 35, 28, 1, 26, 35, 4, 27, 13, 19, 20, 22, 35, 12, 30, 3, 13, 9, 7, 35, 33, 34, 17,   27, 6, 8, 35, 35, 34 ]
[ 30, 19, 36, 13, 3, 3, 17, 14, 18, 27, 19, 4, 15, 1, 12, 21, 9, 7, 36, 16, 23, 28, 20, 32, 26, 10, 25, 36, 36, 8,   28, 36, 32, 29, 29, 36 ]
 
[ 1, 38, 8, 11, 1, 1, 1, 31, 40, 1, 26, 35, 1, 9, 12, 2, 1, 24, 28, 23, 18, 1, 39, 21, 1, 4, 1, 37, 1, 1, 3, 36, 1,   32, 15, 34, 19, 16, 20, 14 ]
[ 16, 2, 27, 37, 2, 14, 34, 18, 2, 4, 2, 2, 2, 35, 40, 38, 2, 30, 26, 2, 2, 19, 7, 3, 15, 22, 24, 2, 39, 8, 2, 2, 2,   23, 6, 29, 10, 1, 36, 25 ]
[ 31, 24, 3, 32, 40, 4, 15, 1, 22, 3, 3, 3, 3, 3, 28, 30, 36, 3, 3, 3, 16, 39, 5, 27, 3, 17, 2, 7, 3, 21, 8, 6, 37,   3, 33, 26, 35, 3, 9, 23 ]
[ 26, 10, 6, 4, 4, 32, 4, 34, 4, 37, 1, 23, 39, 24, 13, 4, 8, 4, 4, 4, 40, 38, 30, 33, 4, 11, 4, 22, 21, 12, 4, 3,   14, 17, 4, 4, 2, 28, 15, 29 ]
[ 5, 5, 23, 5, 5, 30, 25, 39, 31, 5, 5, 21, 33, 8, 24, 5, 13, 36, 5, 9, 32, 5, 40, 34, 27, 5, 7, 5, 6, 29, 20, 12,   17, 15, 18, 35, 5, 5, 14, 3 ]
[ 6, 35, 32, 3, 29, 6, 13, 36, 38, 33, 8, 40, 22, 2, 9, 12, 6, 6, 6, 6, 6, 7, 6, 6, 6, 31, 10, 6, 30, 5, 34, 4, 27,   26, 14, 11, 6, 15, 6, 16 ]
[ 7, 23, 28, 7, 27, 22, 7, 37, 7, 30, 7, 8, 6, 7, 3, 20, 10, 7, 35, 36, 7, 13, 34, 7, 5, 7, 25, 15, 7, 17, 19, 38, 7,   2, 31, 16, 12, 39, 32, 7 ]
[ 3, 30, 31, 17, 14, 11, 12, 8, 8, 8, 36, 37, 8, 39, 33, 8, 34, 2, 15, 40, 27, 20, 8, 8, 8, 8, 38, 8, 8, 18, 1, 8,   19, 4, 8, 6, 7, 21, 5, 22 ]
[ 14, 9, 39, 9, 20, 15, 9, 9, 9, 9, 33, 9, 28, 40, 38, 35, 9, 9, 27, 31, 11, 3, 9, 29, 16, 24, 36, 32, 26, 9, 5, 13,   21, 9, 25, 19, 9, 6, 22, 1 ]
[ 10, 37, 10, 2, 10, 27, 17, 10, 10, 10, 38, 34, 29, 10, 36, 28, 30, 12, 11, 10, 15, 10, 10, 35, 13, 16, 33, 26, 25,   7, 10, 24, 6, 18, 32, 21, 4, 19, 10, 10 ]
[ 4, 11, 11, 26, 11, 36, 11, 6, 21, 19, 11, 13, 20, 29, 11, 37, 31, 14, 38, 12, 33, 16, 11, 11, 11, 1, 11, 11, 18,   35, 32, 17, 9, 11, 39, 8, 22, 10, 30, 11 ]
[ 15, 12, 12, 30, 32, 16, 37, 7, 12, 18, 20, 12, 11, 38, 35, 40, 12, 34, 12, 13, 5, 12, 4, 12, 14, 12, 12, 33, 12,   23, 28, 21, 31, 10, 1, 12, 8, 25, 12, 6 ]
[ 13, 13, 13, 15, 17, 7, 22, 13, 32, 25, 12, 20, 13, 34, 39, 13, 33, 13, 14, 11, 13, 6, 26, 13, 29, 35, 13, 9, 10,   13, 13, 28, 5, 19, 23, 37, 40, 13, 4, 36 ]
[ 40, 6, 14, 33, 39, 35, 14, 5, 1, 14, 18, 25, 19, 14, 14, 14, 14, 29, 34, 14, 14, 31, 22, 4, 38, 14, 32, 14, 11, 14,   23, 37, 24, 13, 2, 14, 27, 12, 8, 9 ]
[ 35, 25, 7, 39, 34, 38, 28, 19, 6, 21, 15, 1, 4, 15, 15, 15, 15, 15, 33, 26, 36, 15, 15, 5, 40, 30, 15, 3, 15, 20,   15, 15, 8, 24, 12, 10, 15, 9, 13, 2 ]
[ 38, 1, 21, 16, 16, 40, 36, 16, 25, 26, 22, 6, 16, 16, 16, 16, 16, 31, 16, 7, 30, 37, 32, 16, 35, 28, 18, 10, 23, 3,   27, 29, 16, 16, 9, 20, 11, 2, 16, 12 ]
[ 17, 17, 26, 34, 33, 17, 30, 4, 17, 7, 32, 17, 5, 17, 17, 17, 17, 37, 39, 21, 28, 29, 18, 19, 17, 36, 22, 20, 27,   10, 11, 31, 13, 8, 17, 3, 23, 17, 24, 17 ]
[ 21, 8, 18, 18, 35, 18, 18, 30, 18, 34, 29, 10, 18, 11, 18, 27, 23, 18, 20, 25, 24, 18, 37, 1, 19, 40, 31, 18, 14,   2, 16, 18, 26, 12, 36, 5, 17, 18, 18, 33 ]
[ 37, 22, 19, 19, 19, 19, 31, 33, 36, 38, 10, 19, 34, 13, 8, 19, 24, 25, 19, 18, 19, 26, 19, 39, 20, 2, 9, 1, 19, 19,   35, 19, 15, 14, 7, 27, 28, 11, 17, 19 ]
[ 39, 20, 20, 20, 31, 20, 16, 22, 5, 20, 13, 11, 12, 20, 30, 36, 28, 19, 25, 20, 17, 40, 1, 20, 18, 15, 20, 21, 34,   26, 9, 20, 20, 38, 20, 7, 20, 29, 23, 8 ]
[ 24, 21, 30, 29, 12, 21, 21, 38, 33, 36, 9, 32, 21, 21, 10, 3, 20, 1, 21, 28, 21, 21, 21, 18, 37, 21, 8, 17, 40, 16,   21, 5, 11, 21, 21, 15, 39, 27, 25, 4 ]
[ 22, 26, 9, 28, 22, 13, 6, 40, 39, 22, 37, 22, 7, 23, 22, 11, 27, 22, 2, 8, 22, 22, 31, 22, 30, 19, 29, 38, 17, 33,   14, 22, 25, 22, 22, 22, 16, 4, 3, 20 ]
[ 20, 34, 40, 12, 3, 23, 2, 23, 23, 23, 23, 30, 35, 31, 23, 29, 37, 17, 23, 39, 23, 14, 23, 28, 24, 13, 23, 25, 32,   4, 22, 16, 23, 7, 26, 23, 18, 23, 1, 5 ]
[ 18, 27, 2, 14, 15, 24, 24, 24, 26, 32, 24, 24, 24, 33, 34, 24, 39, 21, 17, 24, 1, 24, 25, 24, 28, 29, 3, 23, 9, 38,   30, 35, 4, 5, 10, 24, 24, 31, 19, 24 ]
[ 25, 40, 25, 25, 7, 25, 27, 25, 35, 29, 25, 38, 10, 12, 2, 9, 25, 20, 18, 19, 39, 33, 28, 23, 25, 25, 5, 24, 13, 22,   25, 25, 30, 25, 16, 25, 21, 14, 37, 15 ]
[ 11, 19, 36, 1, 26, 34, 26, 26, 29, 28, 4, 26, 23, 26, 20, 10, 3, 33, 22, 30, 26, 2, 35, 9, 26, 26, 26, 16, 24, 15,   6, 26, 40, 31, 13, 17, 26, 26, 26, 18 ]
[ 27, 3, 24, 27, 25, 33, 5, 21, 19, 6, 27, 27, 27, 37, 27, 31, 29, 16, 36, 27, 38, 17, 27, 2, 7, 27, 27, 34, 22, 27,   18, 14, 10, 40, 27, 9, 32, 8, 27, 28 ]
[ 19, 28, 15, 38, 28, 28, 3, 28, 13, 16, 28, 31, 32, 28, 7, 26, 21, 28, 37, 17, 20, 4, 24, 25, 23, 10, 40, 28, 28,   28, 33, 9, 12, 27, 28, 28, 1, 22, 28, 34 ]
[ 29, 36, 29, 40, 30, 5, 29, 29, 24, 13, 14, 29, 25, 18, 29, 32, 22, 11, 29, 38, 4, 27, 16, 26, 10, 9, 17, 29, 29, 6,   29, 23, 29, 20, 29, 39, 29, 34, 2, 21 ]
[ 30, 18, 16, 23, 6, 29, 10, 2, 30, 17, 39, 4, 30, 30, 26, 21, 7, 8, 30, 15, 3, 25, 12, 31, 33, 20, 30, 30, 5, 30,   38, 30, 22, 30, 11, 30, 30, 24, 35, 30 ]
[ 8, 31, 1, 31, 9, 26, 35, 3, 20, 31, 17, 33, 31, 22, 31, 18, 32, 27, 7, 5, 31, 23, 14, 38, 31, 34, 16, 12, 31, 24,   31, 11, 28, 6, 19, 31, 31, 30, 31, 31 ]
[ 34, 32, 4, 6, 21, 3, 39, 32, 28, 35, 31, 5, 9, 27, 32, 23, 11, 32, 32, 32, 12, 32, 29, 10, 32, 32, 37, 13, 16, 32,   17, 32, 32, 36, 24, 1, 14, 7, 38, 32 ]
[ 33, 33, 35, 24, 13, 10, 33, 15, 11, 27, 21, 28, 17, 4, 19, 33, 5, 40, 8, 33, 9, 30, 33, 14, 22, 18, 6, 31, 33, 25,   12, 33, 33, 33, 37, 33, 3, 33, 33, 26 ]
[ 36, 7, 34, 8, 24, 31, 23, 17, 34, 12, 34, 18, 14, 19, 5, 34, 4, 10, 13, 29, 34, 34, 2, 15, 34, 6, 28, 40, 38, 34,   26, 1, 34, 34, 34, 32, 34, 20, 34, 27 ]
[ 12, 14, 37, 35, 36, 2, 19, 35, 16, 24, 30, 15, 26, 6, 1, 25, 35, 5, 31, 35, 35, 35, 13, 32, 9, 23, 35, 35, 35, 39,   7, 10, 3, 35, 35, 18, 33, 35, 11, 35 ]
[ 32, 39, 17, 36, 18, 8, 20, 11, 27, 15, 6, 36, 40, 36, 21, 7, 26, 35, 9, 16, 10, 36, 36, 36, 36, 3, 19, 36, 2, 36,   36, 34, 36, 1, 5, 36, 13, 36, 29, 37 ]
[ 28, 4, 33, 10, 37, 37, 8, 12, 37, 2, 16, 7, 36, 32, 37, 22, 18, 23, 1, 37, 25, 11, 17, 37, 39, 37, 14, 19, 37, 37,   37, 27, 35, 37, 3, 40, 37, 37, 21, 13 ]
[ 2, 16, 38, 22, 38, 9, 32, 27, 15, 11, 19, 14, 38, 25, 6, 1, 38, 38, 10, 34, 8, 28, 38, 30, 12, 38, 21, 4, 20, 31,   24, 39, 38, 29, 38, 38, 38, 38, 7, 38 ]
[ 23, 29, 22, 13, 8, 39, 38, 14, 3, 39, 35, 39, 15, 5, 4, 39, 19, 39, 24, 1, 37, 9, 20, 17, 21, 39, 39, 39, 36, 11,   39, 7, 39, 39, 30, 2, 25, 32, 39, 39 ]
[ 9, 15, 5, 21, 23, 12, 40, 20, 14, 40, 40, 16, 37, 1, 25, 6, 40, 26, 40, 22, 29, 8, 3, 40, 2, 33, 34, 27, 4, 40, 40,   40, 18, 28, 40, 13, 36, 40, 40, 40 ]
 
[ 1, 32, 1, 15, 2, 12, 1, 38, 38, 36, 36, 10, 31, 1, 13, 11, 11, 40, 34, 34, 15, 40, 9, 26, 26, 8, 12, 2, 8, 9, 32,   13, 29, 35, 10, 35, 33, 29, 33, 31 ]
[ 40, 2, 26, 22, 26, 2, 15, 39, 4, 20, 21, 17, 2, 12, 40, 20, 36, 17, 21, 36, 18, 23, 38, 1, 2, 23, 1, 12, 32, 39, 7,   15, 31, 31, 32, 18, 4, 22, 38, 7 ]
[ 3, 37, 3, 16, 6, 24, 3, 27, 27, 5, 5, 22, 30, 3, 25, 23, 23, 19, 39, 39, 16, 19, 21, 28, 28, 20, 24, 6, 20, 21, 37,   25, 17, 4, 22, 4, 18, 17, 18, 30 ]
[ 5, 39, 30, 4, 8, 32, 22, 24, 32, 3, 4, 3, 26, 17, 33, 17, 30, 16, 2, 38, 14, 26, 4, 40, 21, 39, 33, 16, 2, 14, 38,   24, 40, 5, 4, 22, 21, 13, 13, 8 ]
[ 22, 9, 25, 33, 5, 27, 4, 32, 15, 4, 22, 5, 8, 27, 29, 40, 8, 6, 31, 9, 6, 29, 32, 5, 14, 31, 25, 14, 39, 28, 39,   33, 23, 3, 3, 5, 28, 40, 15, 23 ]
[ 19, 6, 28, 34, 28, 6, 16, 10, 11, 33, 29, 9, 6, 24, 19, 33, 5, 9, 29, 5, 8, 35, 27, 3, 6, 35, 3, 24, 37, 10, 14,   16, 30, 30, 37, 8, 11, 34, 27, 14 ]
[ 7, 40, 7, 31, 13, 36, 7, 26, 26, 12, 12, 34, 15, 7, 2, 35, 35, 32, 10, 10, 31, 32, 29, 38, 38, 33, 36, 13, 33, 29,   40, 2, 9, 11, 34, 11, 8, 9, 8, 15 ]
[ 29, 5, 10, 40, 40, 34, 38, 8, 1, 16, 26, 6, 9, 32, 26, 34, 6, 8, 7, 8, 5, 7, 24, 4, 16, 29, 30, 23, 38, 25, 23, 4,   8, 25, 30, 9, 10, 1, 32, 24 ]
[ 26, 8, 11, 1, 31, 35, 33, 7, 9, 38, 19, 8, 5, 15, 22, 1, 9, 5, 35, 6, 9, 31, 15, 22, 19, 7, 37, 39, 9, 11, 24, 38,   26, 37, 25, 6, 25, 33, 24, 39 ]
[ 35, 28, 32, 28, 17, 30, 36, 30, 12, 10, 1, 35, 11, 8, 12, 6, 27, 7, 8, 32, 40, 10, 25, 16, 33, 25, 21, 40, 16, 33,   17, 21, 6, 10, 36, 1, 7, 11, 10, 27 ]
[ 12, 10, 15, 11, 20, 37, 34, 36, 37, 7, 11, 7, 28, 9, 18, 9, 15, 31, 6, 27, 1, 28, 11, 19, 29, 10, 18, 31, 6, 1, 27,   36, 19, 12, 11, 34, 29, 25, 25, 20 ]
[ 34, 21, 2, 18, 12, 26, 11, 37, 16, 11, 34, 12, 20, 26, 17, 19, 20, 13, 30, 21, 13, 17, 37, 12, 1, 30, 2, 1, 10, 38,   10, 18, 35, 7, 7, 12, 38, 19, 16, 35 ]
[ 32, 13, 38, 39, 38, 13, 31, 22, 23, 18, 17, 21, 13, 36, 32, 18, 12, 21, 17, 12, 20, 4, 26, 7, 13, 4, 7, 36, 40, 22,   1, 31, 15, 15, 40, 20, 23, 39, 26, 1 ]
[ 14, 19, 14, 30, 25, 5, 14, 28, 28, 24, 24, 39, 16, 14, 6, 4, 4, 37, 22, 22, 30, 37, 17, 27, 27, 18, 5, 25, 18, 17,   19, 6, 21, 23, 39, 23, 20, 21, 20, 16 ]
[ 2, 7, 9, 9, 39, 18, 40, 13, 39, 13, 20, 32, 40, 11, 15, 15, 1, 28, 27, 35, 11, 5, 1, 29, 22, 32, 35, 20, 5, 15, 15,   7, 22, 18, 28, 27, 24, 24, 29, 2 ]
[ 6, 14, 21, 21, 10, 8, 19, 25, 10, 25, 33, 37, 19, 23, 16, 16, 3, 38, 26, 4, 23, 12, 3, 17, 34, 37, 4, 33, 12, 16,   16, 14, 34, 8, 38, 26, 36, 36, 17, 6 ]
[ 27, 18, 4, 14, 16, 23, 20, 3, 17, 28, 40, 18, 36, 30, 10, 14, 17, 36, 23, 2, 17, 16, 30, 10, 40, 3, 32, 34, 17, 4,   12, 28, 27, 32, 13, 2, 13, 20, 12, 34 ]
[ 21, 36, 39, 37, 37, 22, 28, 18, 14, 15, 27, 2, 17, 19, 27, 22, 2, 18, 3, 18, 36, 3, 12, 35, 15, 21, 31, 11, 28, 13,   11, 35, 18, 13, 31, 17, 39, 14, 19, 12 ]
[ 16, 16, 18, 36, 11, 9, 6, 11, 25, 29, 25, 38, 14, 39, 14, 38, 22, 39, 19, 3, 26, 18, 20, 20, 35, 12, 22, 29, 35,   12, 6, 19, 36, 26, 9, 30, 19, 30, 3, 19 ]
[ 17, 12, 22, 19, 19, 39, 27, 20, 3, 31, 28, 13, 21, 37, 28, 39, 13, 20, 14, 20, 12, 14, 36, 11, 31, 17, 15, 35, 27,   2, 35, 11, 20, 2, 15, 21, 22, 3, 37, 36 ]
[ 28, 20, 23, 3, 30, 4, 18, 14, 21, 27, 32, 20, 12, 16, 34, 3, 21, 12, 4, 13, 21, 30, 16, 34, 32, 14, 40, 10, 21, 23,   36, 27, 28, 40, 2, 13, 2, 18, 36, 10 ]
[ 4, 38, 37, 38, 9, 15, 5, 15, 24, 22, 3, 4, 23, 20, 24, 13, 26, 14, 20, 37, 19, 22, 2, 31, 18, 2, 29, 19, 31, 18, 9,   29, 13, 22, 5, 3, 14, 23, 22, 26 ]
[ 24, 22, 16, 23, 33, 40, 39, 5, 40, 14, 23, 14, 38, 21, 8, 21, 16, 30, 13, 26, 3, 38, 23, 32, 17, 22, 8, 30, 13, 3,   26, 5, 32, 24, 23, 39, 17, 2, 2, 33 ]
[ 39, 29, 6, 8, 24, 28, 23, 40, 31, 23, 39, 24, 33, 28, 9, 32, 33, 25, 15, 29, 25, 9, 40, 24, 3, 15, 6, 3, 22, 27,   22, 8, 4, 14, 14, 24, 27, 32, 31, 4 ]
[ 37, 25, 27, 10, 27, 25, 30, 34, 35, 8, 9, 29, 25, 5, 37, 8, 24, 29, 9, 24, 33, 11, 28, 14, 25, 11, 14, 5, 19, 34,   3, 30, 16, 16, 19, 33, 35, 10, 28, 3 ]
[ 33, 4, 12, 13, 1, 1, 9, 9, 33, 19, 30, 16, 39, 2, 23, 36, 19, 23, 36, 30, 22, 13, 39, 2, 12, 26, 26, 26, 7, 37, 8,   22, 7, 29, 8, 37, 16, 26, 4, 29 ]
[ 20, 35, 5, 6, 14, 14, 17, 17, 20, 40, 31, 15, 34, 25, 11, 24, 40, 11, 24, 31, 10, 6, 34, 25, 5, 27, 27, 27, 3, 32,   18, 10, 3, 21, 18, 32, 15, 27, 35, 21 ]
[ 18, 11, 24, 25, 3, 3, 21, 21, 18, 32, 15, 31, 10, 6, 35, 5, 32, 35, 5, 15, 34, 25, 10, 6, 24, 28, 28, 28, 14, 40,   20, 34, 14, 17, 20, 40, 31, 28, 11, 17 ]
[ 38, 33, 35, 7, 15, 11, 8, 1, 29, 26, 37, 33, 24, 31, 39, 7, 29, 24, 11, 25, 29, 15, 31, 39, 37, 1, 19, 22, 29, 35,   5, 26, 38, 19, 6, 25, 6, 8, 5, 22 ]
[ 25, 3, 17, 17, 34, 33, 37, 6, 34, 6, 8, 19, 37, 4, 30, 30, 14, 26, 38, 23, 4, 36, 14, 21, 10, 19, 23, 8, 36, 30,   30, 3, 10, 33, 26, 38, 12, 12, 21, 25 ]
[ 13, 1, 29, 29, 22, 20, 32, 2, 22, 2, 18, 40, 32, 35, 31, 31, 7, 27, 28, 11, 35, 24, 7, 9, 39, 40, 11, 18, 24, 31,   31, 1, 39, 20, 27, 28, 5, 5, 9, 13 ]
[ 31, 31, 8, 5, 23, 21, 13, 23, 2, 17, 2, 27, 1, 10, 1, 27, 34, 10, 32, 7, 28, 8, 33, 33, 4, 24, 34, 17, 4, 24, 13,   32, 5, 28, 21, 15, 32, 15, 7, 32 ]
[ 9, 24, 34, 32, 32, 10, 26, 33, 7, 30, 38, 25, 29, 40, 38, 10, 25, 33, 1, 33, 24, 1, 5, 23, 30, 9, 16, 4, 26, 6, 4,   23, 33, 6, 16, 29, 34, 7, 40, 5 ]
[ 11, 27, 40, 27, 21, 16, 12, 16, 36, 34, 7, 11, 35, 33, 36, 25, 28, 1, 33, 40, 32, 34, 6, 30, 8, 6, 17, 32, 30, 8,   21, 17, 25, 34, 12, 7, 1, 35, 34, 28 ]
[ 36, 34, 31, 35, 18, 19, 10, 12, 19, 1, 35, 1, 27, 29, 20, 29, 31, 15, 25, 28, 7, 27, 35, 37, 9, 34, 20, 15, 25, 7,   28, 12, 37, 36, 35, 10, 9, 6, 6, 18 ]
[ 10, 17, 13, 20, 36, 38, 35, 19, 30, 35, 10, 36, 18, 38, 21, 37, 18, 2, 16, 17, 2, 21, 19, 36, 7, 16, 13, 7, 34, 26,   34, 20, 11, 1, 1, 36, 26, 37, 30, 11 ]
[ 30, 30, 20, 12, 35, 29, 25, 35, 6, 9, 6, 26, 3, 22, 3, 26, 39, 22, 37, 14, 38, 20, 18, 18, 11, 36, 39, 9, 11, 36,   25, 37, 12, 38, 29, 16, 37, 16, 14, 37 ]
[ 8, 23, 36, 2, 7, 7, 29, 29, 8, 37, 16, 30, 22, 13, 4, 12, 37, 4, 12, 16, 39, 2, 22, 13, 36, 38, 38, 38, 1, 19, 33,   39, 1, 9, 33, 19, 30, 38, 23, 9 ]
[ 23, 26, 19, 26, 29, 31, 24, 31, 5, 39, 14, 23, 4, 18, 5, 2, 38, 3, 18, 19, 37, 39, 13, 15, 20, 13, 9, 37, 15, 20,   29, 9, 2, 39, 24, 14, 3, 4, 39, 38 ]
[ 15, 15, 33, 24, 4, 17, 2, 4, 13, 21, 13, 28, 7, 34, 7, 28, 10, 34, 40, 1, 27, 33, 8, 8, 23, 5, 10, 21, 23, 5, 2,   40, 24, 27, 17, 31, 40, 31, 1, 40 ]
 
[ 1, 40, 41, 32, 31, 5, 25, 33, 29, 40, 4, 35, 14, 29, 16, 35, 42, 9, 24, 32, 39, 26, 17, 16, 12, 13, 37, 1, 12, 42,   13, 14, 6, 25, 6, 2, 33, 34, 26, 5, 9, 31 ]
[ 37, 2, 1, 35, 38, 42, 5, 23, 25, 22, 9, 11, 20, 20, 12, 4, 10, 38, 35, 22, 12, 39, 24, 10, 23, 27, 39, 17, 34, 2,   37, 40, 8, 27, 9, 21, 24, 25, 11, 8, 14, 17 ]
[ 11, 32, 3, 40, 34, 9, 26, 22, 40, 15, 42, 10, 25, 31, 13, 37, 4, 17, 39, 34, 8, 25, 9, 18, 17, 18, 35, 38, 22, 6,   4, 35, 42, 10, 13, 3, 12, 31, 37, 12, 5, 15 ]
[ 39, 21, 17, 4, 19, 2, 34, 36, 41, 14, 38, 15, 9, 36, 7, 32, 20, 4, 33, 7, 34, 3, 31, 31, 21, 22, 1, 41, 39, 5, 33,   22, 40, 19, 15, 40, 35, 5, 17, 3, 20, 24 ]
[ 6, 4, 39, 21, 5, 20, 3, 40, 8, 28, 20, 42, 29, 10, 39, 1, 38, 31, 32, 27, 18, 34, 4, 28, 29, 25, 32, 31, 27, 40, 1,   21, 5, 16, 19, 11, 16, 19, 6, 18, 2, 11 ]
[ 35, 3, 38, 37, 1, 6, 17, 28, 14, 33, 17, 38, 8, 19, 33, 6, 35, 11, 26, 5, 22, 19, 20, 25, 1, 23, 21, 5, 40, 41, 14,   15, 20, 28, 22, 39, 39, 26, 23, 21, 25, 9 ]
[ 18, 16, 21, 20, 22, 24, 7, 34, 39, 38, 8, 18, 31, 35, 8, 27, 27, 34, 40, 23, 42, 40, 13, 11, 15, 10, 31, 15, 38,   32, 11, 39, 12, 4, 24, 28, 42, 20, 4, 13, 7, 23 ]
[ 15, 38, 32, 23, 2, 15, 11, 8, 22, 30, 29, 5, 18, 38, 37, 41, 32, 26, 3, 25, 28, 27, 14, 8, 41, 29, 7, 10, 14, 37,   2, 11, 10, 7, 27, 26, 34, 30, 40, 23, 34, 6 ]
[ 32, 11, 31, 1, 41, 40, 1, 20, 9, 36, 31, 9, 6, 27, 35, 3, 15, 35, 30, 10, 27, 38, 10, 19, 2, 40, 2, 25, 37, 25, 36,   28, 14, 30, 28, 37, 32, 3, 29, 11, 29, 4 ]
[ 8, 24, 12, 42, 8, 36, 32, 2, 3, 10, 28, 29, 17, 7, 3, 34, 19, 16, 22, 36, 29, 2, 32, 15, 20, 5, 38, 30, 19, 22, 17,   12, 34, 24, 31, 15, 10, 9, 9, 30, 21, 21 ]
[ 21, 39, 5, 6, 39, 41, 31, 7, 2, 35, 11, 31, 5, 30, 30, 40, 24, 42, 12, 2, 40, 41, 15, 29, 24, 12, 11, 3, 8, 9, 9,   33, 29, 20, 32, 32, 26, 17, 33, 7, 8, 20 ]
[ 29, 27, 40, 28, 7, 31, 28, 39, 12, 3, 40, 12, 16, 11, 25, 36, 34, 25, 2, 37, 11, 23, 37, 21, 30, 31, 30, 35, 10,   35, 3, 1, 26, 2, 1, 10, 29, 36, 32, 27, 32, 18 ]
[ 31, 28, 15, 27, 36, 32, 23, 19, 33, 41, 34, 22, 13, 1, 14, 30, 40, 37, 41, 26, 38, 28, 25, 39, 3, 15, 36, 14, 35,   26, 7, 38, 35, 3, 23, 25, 40, 7, 34, 1, 31, 13 ]
[ 13, 42, 24, 24, 9, 21, 2, 29, 19, 27, 19, 6, 15, 14, 21, 38, 28, 32, 15, 28, 16, 32, 16, 38, 40, 14, 34, 29, 1, 34,   23, 8, 22, 13, 20, 23, 4, 8, 42, 6, 36, 1 ]
[ 7, 26, 10, 41, 37, 37, 24, 10, 4, 24, 26, 19, 3, 13, 15, 8, 33, 21, 18, 42, 14, 9, 28, 41, 4, 21, 42, 8, 6, 19, 20,   30, 36, 15, 7, 13, 3, 11, 36, 35, 18, 14 ]
[ 25, 36, 23, 10, 28, 16, 22, 1, 26, 5, 22, 23, 24, 21, 5, 16, 25, 27, 14, 33, 17, 21, 39, 35, 28, 38, 19, 33, 31, 7,   26, 34, 39, 1, 17, 20, 20, 14, 38, 19, 35, 12 ]
[ 2, 37, 25, 3, 26, 25, 19, 35, 42, 21, 35, 24, 2, 18, 31, 21, 17, 20, 16, 4, 37, 17, 11, 36, 16, 39, 6, 39, 18, 20,   19, 36, 41, 29, 3, 4, 30, 1, 30, 10, 6, 10 ]
[ 20, 19, 22, 18, 21, 30, 15, 3, 7, 26, 23, 34, 12, 3, 41, 29, 39, 18, 5, 41, 15, 36, 40, 40, 19, 17, 28, 7, 20, 33,   5, 17, 31, 21, 34, 31, 25, 33, 22, 36, 39, 8 ]
[ 38, 15, 30, 34, 29, 22, 37, 9, 15, 29, 16, 14, 37, 34, 4, 26, 6, 33, 19, 31, 19, 10, 5, 13, 5, 6, 14, 27, 33, 18,   16, 10, 4, 26, 18, 41, 22, 32, 25, 17, 17, 32 ]
[ 22, 17, 16, 17, 6, 23, 4, 42, 38, 16, 30, 41, 11, 22, 11, 5, 30, 7, 28, 20, 36, 4, 7, 9, 14, 2, 5, 18, 41, 27, 29,   18, 27, 33, 10, 33, 38, 6, 20, 15, 23, 2 ]
[ 23, 34, 2, 15, 32, 17, 10, 12, 34, 32, 6, 26, 10, 15, 18, 14, 16, 5, 21, 40, 21, 37, 33, 42, 33, 16, 26, 11, 5, 4,   6, 37, 18, 14, 4, 7, 17, 29, 35, 22, 22, 29 ]
[ 30, 10, 35, 36, 14, 35, 21, 25, 13, 19, 25, 8, 30, 4, 40, 19, 22, 39, 6, 18, 10, 22, 27, 3, 6, 20, 16, 20, 4, 39,   21, 3, 7, 32, 36, 18, 2, 28, 2, 37, 16, 37 ]
[ 36, 25, 14, 30, 35, 26, 20, 26, 16, 39, 37, 39, 7, 6, 29, 20, 12, 8, 42, 6, 35, 33, 23, 2, 13, 24, 18, 21, 42, 24,   8, 41, 30, 40, 2, 16, 41, 23, 7, 14, 13, 25 ]
[ 34, 23, 29, 38, 30, 34, 27, 24, 17, 2, 32, 33, 4, 23, 10, 7, 29, 14, 36, 35, 1, 11, 26, 24, 7, 32, 41, 37, 26, 10,   30, 27, 37, 41, 11, 14, 15, 2, 31, 38, 15, 16 ]
[ 9, 9, 13, 12, 42, 28, 6, 6, 28, 18, 36, 2, 23, 5, 1, 17, 3, 30, 38, 19, 30, 16, 2, 22, 25, 41, 22, 16, 36, 23, 34,   42, 38, 12, 25, 17, 27, 13, 8, 29, 1, 3 ]
[ 42, 13, 8, 8, 12, 19, 30, 32, 21, 11, 21, 16, 34, 26, 19, 23, 1, 29, 34, 1, 6, 29, 6, 23, 31, 26, 15, 32, 28, 15,   38, 24, 17, 42, 39, 38, 18, 24, 13, 16, 3, 28 ]
[ 19, 20, 33, 16, 20, 7, 40, 41, 30, 25, 27, 40, 33, 2, 2, 31, 8, 13, 9, 30, 31, 7, 34, 32, 8, 9, 27, 36, 24, 12, 12,   5, 32, 39, 29, 29, 14, 22, 5, 41, 24, 39 ]
[ 28, 31, 7, 29, 40, 33, 35, 5, 32, 31, 18, 25, 26, 32, 6, 25, 13, 12, 8, 29, 20, 14, 22, 6, 9, 42, 10, 28, 9, 13,   42, 26, 16, 35, 16, 30, 5, 15, 14, 33, 12, 40 ]
[ 14, 41, 27, 26, 11, 18, 9, 11, 10, 12, 33, 1, 21, 8, 17, 42, 26, 28, 10, 9, 33, 24, 21, 14, 27, 1, 8, 12, 29, 36,   25, 29, 19, 23, 5, 24, 19, 37, 28, 20, 37, 5 ]
[ 10, 30, 28, 25, 23, 13, 33, 38, 35, 17, 12, 27, 39, 39, 9, 18, 37, 23, 25, 17, 9, 20, 8, 37, 38, 11, 20, 22, 15,   30, 10, 31, 24, 11, 12, 19, 8, 35, 27, 24, 26, 22 ]
[ 5, 33, 18, 5, 18, 27, 13, 4, 11, 42, 7, 36, 1, 12, 38, 12, 41, 36, 27, 24, 41, 42, 3, 33, 10, 3, 9, 13, 30, 28, 31,   16, 1, 17, 26, 9, 28, 4, 19, 31, 11, 7 ]
[ 26, 7, 11, 14, 27, 4, 12, 27, 37, 9, 5, 28, 19, 24, 22, 13, 14, 1, 37, 12, 5, 8, 19, 26, 11, 28, 24, 9, 32, 3, 35,   32, 21, 38, 33, 8, 21, 10, 1, 39, 10, 33 ]
[ 16, 18, 20, 19, 33, 39, 36, 31, 24, 1, 39, 13, 32, 37, 20, 28, 23, 40, 29, 11, 4, 15, 18, 1, 32, 35, 29, 40, 11,   31, 28, 19, 33, 6, 21, 27, 6, 21, 16, 4, 30, 27 ]
[ 41, 14, 37, 7, 10, 10, 8, 37, 18, 8, 14, 21, 36, 42, 34, 24, 5, 19, 4, 13, 26, 12, 1, 7, 18, 19, 13, 24, 16, 21,   39, 2, 3, 34, 41, 42, 36, 27, 3, 25, 4, 26 ]
[ 12, 12, 42, 9, 13, 1, 16, 16, 1, 4, 3, 30, 38, 33, 28, 22, 36, 2, 23, 21, 2, 6, 30, 17, 35, 7, 17, 6, 3, 38, 15,   13, 23, 9, 35, 22, 11, 42, 24, 32, 28, 36 ]
[ 27, 29, 36, 31, 15, 12, 14, 17, 31, 34, 13, 37, 35, 40, 42, 10, 18, 22, 20, 15, 24, 35, 12, 4, 22, 4, 25, 23, 17,   16, 18, 25, 13, 37, 42, 36, 9, 40, 10, 9, 33, 34 ]
[ 24, 8, 9, 13, 24, 3, 29, 30, 36, 37, 1, 32, 22, 41, 36, 15, 21, 6, 17, 3, 32, 30, 29, 34, 39, 33, 23, 2, 21, 17,   22, 9, 15, 8, 40, 34, 37, 12, 12, 2, 19, 19 ]
[ 3, 35, 26, 2, 25, 14, 39, 14, 6, 20, 10, 20, 41, 16, 32, 39, 9, 24, 13, 16, 25, 5, 38, 30, 42, 8, 4, 19, 13, 8, 24,   7, 2, 31, 30, 6, 7, 38, 41, 26, 42, 35 ]
[ 17, 22, 6, 22, 16, 38, 18, 13, 23, 6, 2, 7, 27, 17, 27, 33, 2, 41, 1, 39, 3, 18, 41, 12, 26, 30, 33, 4, 7, 11, 32,   4, 11, 5, 37, 5, 23, 16, 39, 34, 38, 30 ]
[ 33, 5, 4, 33, 4, 11, 42, 18, 27, 13, 41, 3, 28, 9, 23, 9, 7, 3, 11, 8, 7, 13, 36, 5, 37, 36, 12, 42, 2, 1, 40, 6,   28, 22, 14, 12, 1, 18, 21, 40, 27, 41 ]
[ 4, 6, 19, 39, 17, 8, 41, 15, 20, 23, 24, 4, 40, 25, 24, 11, 11, 15, 31, 38, 13, 31, 42, 27, 34, 37, 40, 34, 23, 29,   27, 20, 9, 18, 8, 1, 13, 39, 18, 42, 41, 38 ]
[ 40, 1, 34, 11, 3, 29, 38, 21, 5, 7, 15, 17, 42, 28, 26, 2, 31, 10, 7, 14, 23, 1, 35, 20, 36, 34, 3, 26, 25, 14, 41,   23, 25, 36, 38, 35, 31, 41, 15, 28, 40, 42 ]
 
[ 1, 4, 30, 24, 21, 23, 17, 4, 3, 41, 10, 27, 3, 38, 39, 19, 41, 2, 20, 37, 8, 24, 15, 17, 38, 21, 18, 1, 19, 34, 11,   11, 27, 2, 36, 7, 39, 22, 34, 36, 37, 23 ]
[ 34, 2, 19, 1, 42, 18, 26, 32, 32, 29, 7, 36, 5, 4, 1, 13, 6, 14, 42, 41, 40, 36, 6, 41, 3, 40, 29, 4, 31, 2, 21,   15, 34, 5, 16, 28, 3, 7, 16, 14, 33, 21 ]
[ 23, 16, 3, 19, 8, 11, 33, 6, 30, 2, 26, 1, 7, 11, 21, 8, 30, 7, 24, 26, 20, 21, 32, 5, 28, 39, 6, 27, 39, 29, 28,   38, 38, 41, 2, 3, 19, 5, 32, 41, 14, 1 ]
[ 2, 14, 13, 4, 11, 29, 11, 35, 38, 25, 28, 14, 8, 9, 37, 30, 37, 4, 10, 6, 6, 16, 9, 1, 32, 2, 23, 24, 38, 1, 42,   35, 16, 42, 24, 10, 26, 32, 27, 27, 13, 12 ]
[ 12, 34, 38, 41, 5, 26, 30, 3, 13, 42, 12, 24, 10, 35, 2, 22, 15, 22, 17, 17, 14, 23, 3, 25, 8, 37, 41, 14, 26, 42,   7, 9, 5, 25, 34, 8, 38, 10, 7, 9, 36, 2 ]
[ 29, 7, 8, 27, 18, 6, 37, 40, 15, 40, 3, 41, 12, 42, 11, 6, 18, 10, 4, 30, 29, 2, 13, 3, 30, 32, 15, 13, 34, 36, 8,   31, 32, 9, 42, 11, 41, 2, 4, 37, 9, 24 ]
[ 22, 29, 1, 3, 9, 10, 7, 30, 16, 16, 33, 21, 14, 37, 36, 12, 32, 33, 12, 5, 35, 28, 2, 14, 21, 25, 2, 10, 35, 6, 36,   22, 17, 26, 32, 19, 28, 26, 30, 5, 7, 3 ]
[ 18, 12, 5, 25, 25, 3, 13, 8, 33, 21, 39, 17, 16, 21, 42, 40, 28, 28, 1, 31, 36, 40, 39, 8, 18, 13, 9, 22, 12, 20,   22, 19, 3, 19, 5, 6, 9, 42, 35, 6, 20, 4 ]
[ 42, 22, 22, 14, 26, 41, 6, 21, 9, 8, 8, 9, 18, 20, 6, 15, 23, 38, 38, 15, 41, 34, 19, 39, 13, 4, 33, 33, 5, 24, 5,   24, 7, 20, 17, 42, 17, 4, 14, 13, 19, 16 ]
[ 7, 25, 4, 6, 38, 31, 28, 26, 27, 10, 23, 35, 20, 33, 14, 7, 35, 13, 26, 42, 4, 18, 5, 27, 40, 41, 1, 20, 11, 11,   16, 14, 42, 18, 39, 25, 10, 31, 28, 38, 16, 5 ]
[ 36, 10, 6, 13, 28, 15, 23, 37, 28, 14, 11, 37, 21, 17, 35, 3, 26, 16, 35, 18, 42, 42, 22, 38, 15, 3, 11, 19, 1, 23,   18, 10, 4, 6, 21, 26, 25, 34, 38, 1, 4, 17 ]
[ 13, 17, 17, 26, 14, 7, 16, 19, 12, 24, 24, 12, 4, 39, 16, 34, 38, 23, 23, 34, 7, 15, 21, 20, 42, 18, 5, 5, 33, 8,   33, 8, 41, 39, 22, 13, 22, 18, 26, 42, 21, 6 ]
[ 6, 33, 12, 10, 37, 2, 4, 20, 17, 39, 19, 5, 13, 8, 18, 29, 27, 11, 27, 32, 30, 32, 24, 21, 16, 16, 22, 12, 22, 19,   9, 39, 30, 24, 9, 4, 33, 6, 37, 18, 8, 13 ]
[ 5, 40, 27, 2, 17, 25, 3, 7, 4, 18, 22, 20, 25, 14, 41, 33, 40, 9, 5, 9, 37, 27, 41, 37, 39, 14, 36, 35, 10, 4, 2,   33, 12, 10, 31, 20, 11, 35, 36, 22, 30, 7 ]
[ 20, 28, 40, 22, 30, 9, 40, 23, 20, 22, 6, 6, 23, 29, 15, 11, 12, 31, 32, 28, 17, 5, 27, 32, 33, 38, 35, 30, 2, 33,   25, 16, 35, 15, 11, 17, 29, 1, 9, 39, 38, 31 ]
[ 32, 41, 24, 11, 4, 16, 10, 31, 34, 31, 36, 7, 9, 13, 27, 16, 4, 37, 18, 2, 32, 30, 42, 36, 2, 29, 34, 42, 15, 3,   24, 40, 29, 12, 13, 27, 7, 30, 18, 10, 12, 8 ]
[ 24, 38, 15, 33, 7, 33, 29, 1, 8, 9, 42, 13, 11, 31, 32, 38, 17, 34, 15, 23, 5, 17, 28, 31, 9, 11, 26, 41, 41, 12,   26, 42, 14, 40, 23, 12, 34, 27, 5, 24, 1, 29 ]
[ 30, 26, 42, 18, 27, 32, 27, 25, 23, 35, 1, 26, 24, 12, 10, 2, 10, 18, 37, 16, 16, 6, 12, 28, 29, 30, 38, 8, 23, 28,   13, 25, 6, 13, 8, 37, 14, 29, 11, 11, 42, 9 ]
[ 11, 13, 7, 20, 39, 1, 9, 42, 41, 3, 25, 38, 30, 28, 8, 20, 36, 3, 19, 35, 19, 39, 31, 12, 27, 24, 13, 23, 8, 31,   38, 1, 28, 36, 41, 2, 24, 9, 40, 30, 25, 27 ]
[ 10, 8, 14, 40, 31, 19, 8, 12, 14, 28, 40, 15, 29, 36, 9, 35, 21, 19, 3, 20, 1, 25, 25, 13, 37, 9, 24, 15, 42, 35,   34, 36, 21, 28, 26, 29, 42, 24, 20, 32, 31, 10 ]
[ 27, 42, 41, 39, 20, 28, 12, 13, 7, 36, 35, 23, 2, 1, 24, 39, 3, 36, 21, 25, 21, 20, 40, 9, 11, 8, 42, 38, 24, 40,   23, 28, 1, 3, 7, 30, 8, 12, 31, 2, 35, 11 ]
[ 8, 23, 34, 5, 41, 5, 32, 28, 24, 12, 13, 42, 27, 40, 29, 23, 22, 15, 34, 38, 33, 22, 1, 40, 12, 27, 14, 7, 7, 9,   14, 13, 26, 31, 38, 9, 15, 11, 33, 8, 28, 32 ]
[ 19, 11, 29, 12, 36, 22, 34, 27, 21, 33, 4, 18, 1, 34, 31, 1, 5, 29, 40, 27, 12, 9, 23, 15, 17, 28, 10, 3, 36, 22,   37, 18, 37, 32, 28, 33, 40, 23, 17, 21, 11, 15 ]
[ 4, 9, 33, 35, 35, 36, 42, 24, 5, 19, 20, 22, 6, 19, 13, 31, 1, 1, 28, 40, 3, 31, 20, 24, 4, 42, 12, 17, 9, 39, 17,   21, 36, 21, 33, 16, 12, 13, 25, 16, 39, 18 ]
[ 26, 39, 10, 29, 34, 39, 19, 5, 37, 11, 34, 31, 31, 7, 5, 14, 20, 8, 41, 24, 27, 37, 26, 18, 25, 33, 19, 40, 18, 10,   32, 41, 8, 27, 25, 40, 4, 20, 21, 15, 29, 14 ]
[ 33, 31, 11, 30, 22, 35, 36, 41, 18, 4, 17, 39, 35, 26, 7, 5, 31, 12, 33, 12, 10, 11, 7, 10, 20, 26, 3, 25, 37, 18,   30, 5, 9, 37, 40, 39, 27, 25, 3, 17, 2, 41 ]
[ 3, 37, 16, 42, 1, 34, 38, 10, 1, 26, 27, 10, 19, 22, 25, 36, 14, 6, 25, 4, 13, 13, 17, 23, 34, 36, 27, 21, 28, 38,   4, 37, 18, 16, 19, 14, 35, 15, 23, 28, 18, 22 ]
[ 28, 18, 2, 8, 19, 38, 22, 18, 36, 7, 37, 11, 36, 23, 20, 21, 7, 30, 39, 10, 24, 8, 34, 22, 23, 19, 4, 28, 21, 15,   27, 27, 11, 30, 3, 41, 20, 17, 15, 3, 10, 38 ]
[ 31, 3, 20, 23, 16, 13, 25, 34, 40, 15, 2, 30, 17, 16, 38, 4, 42, 25, 6, 36, 34, 41, 18, 30, 41, 15, 31, 6, 29, 7,   39, 29, 40, 22, 18, 23, 2, 36, 42, 35, 17, 20 ]
[ 15, 30, 21, 28, 13, 4, 14, 29, 29, 32, 41, 3, 33, 18, 28, 42, 16, 26, 13, 7, 31, 3, 16, 7, 36, 31, 32, 18, 40, 30,   19, 34, 15, 33, 6, 1, 36, 41, 6, 26, 5, 19 ]
[ 35, 19, 35, 15, 32, 24, 20, 17, 25, 38, 29, 32, 15, 30, 22, 10, 24, 39, 30, 21, 38, 26, 10, 16, 14, 17, 39, 29, 6,   26, 31, 2, 20, 23, 37, 34, 16, 19, 8, 31, 34, 25 ]
[ 40, 36, 39, 38, 6, 42, 35, 15, 31, 34, 30, 2, 22, 6, 23, 18, 13, 35, 16, 3, 15, 7, 4, 2, 7, 34, 40, 16, 32, 41, 20,   32, 31, 17, 4, 38, 30, 3, 13, 25, 22, 39 ]
[ 9, 15, 23, 7, 33, 14, 2, 36, 42, 13, 9, 8, 37, 25, 30, 17, 34, 17, 22, 22, 26, 38, 36, 35, 24, 10, 7, 26, 14, 13,   41, 12, 33, 35, 15, 24, 23, 37, 41, 12, 3, 30 ]
[ 39, 1, 31, 17, 2, 12, 31, 38, 39, 17, 16, 16, 38, 32, 34, 27, 9, 40, 29, 1, 22, 33, 11, 29, 5, 23, 25, 2, 30, 5,   35, 6, 25, 34, 27, 22, 32, 28, 12, 20, 23, 40 ]
[ 14, 20, 37, 32, 15, 20, 21, 33, 10, 27, 15, 40, 40, 41, 33, 26, 39, 24, 7, 8, 11, 10, 14, 4, 35, 5, 21, 31, 4, 37,   29, 7, 24, 11, 35, 31, 18, 39, 19, 34, 32, 26 ]
[ 38, 6, 36, 21, 24, 27, 5, 16, 2, 30, 14, 28, 41, 27, 19, 24, 2, 41, 8, 14, 39, 19, 29, 33, 1, 20, 16, 11, 20, 32,   1, 23, 23, 7, 30, 36, 21, 33, 29, 7, 26, 28 ]
[ 41, 35, 18, 16, 23, 40, 1, 14, 11, 37, 38, 25, 39, 5, 26, 41, 25, 42, 14, 13, 18, 4, 33, 11, 31, 7, 28, 39, 27, 27,   6, 26, 13, 4, 20, 35, 37, 40, 1, 23, 6, 33 ]
[ 21, 27, 32, 9, 3, 17, 15, 11, 19, 5, 18, 4, 28, 15, 40, 28, 33, 32, 31, 11, 9, 12, 38, 34, 22, 1, 37, 36, 3, 17,   10, 4, 10, 29, 1, 5, 31, 38, 22, 19, 27, 34 ]
[ 37, 24, 26, 31, 40, 21, 24, 9, 26, 1, 31, 34, 32, 3, 12, 25, 19, 21, 36, 39, 28, 35, 35, 42, 10, 12, 8, 34, 13, 25,   15, 3, 19, 1, 14, 32, 13, 8, 39, 29, 40, 37 ]
[ 25, 21, 25, 34, 29, 8, 39, 22, 35, 23, 32, 29, 34, 2, 17, 37, 8, 20, 2, 19, 23, 14, 37, 6, 26, 22, 20, 32, 16, 14,   40, 30, 39, 38, 10, 15, 6, 21, 24, 40, 15, 35 ]
[ 17, 32, 28, 36, 12, 37, 41, 2, 6, 6, 5, 19, 26, 10, 3, 9, 29, 5, 9, 33, 25, 1, 30, 26, 19, 35, 30, 37, 25, 16, 3,   17, 22, 14, 29, 21, 1, 14, 2, 33, 41, 36 ]
[ 16, 5, 9, 37, 10, 30, 18, 39, 22, 20, 21, 33, 42, 24, 4, 32, 11, 27, 11, 29, 2, 29, 8, 19, 6, 6, 17, 9, 17, 21, 12,   20, 2, 8, 12, 18, 5, 16, 10, 4, 24, 42 ]
 
[ 1, 35, 20, 5, 40, 12, 15, 34, 20, 9, 18, 5, 10, 16, 35, 36, 14, 31, 40, 27, 12, 8, 39, 27, 15, 6, 39, 6, 9, 28, 38,   25, 41, 41, 10, 17, 1, 11, 25, 8, 28, 34 ]
[ 29, 2, 26, 39, 11, 7, 23, 10, 37, 29, 24, 20, 16, 22, 33, 7, 25, 16, 15, 10, 18, 39, 37, 31, 36, 40, 3, 20, 15, 23,   5, 22, 25, 12, 33, 12, 32, 36, 18, 27, 2, 32 ]
[ 23, 27, 3, 10, 38, 22, 6, 36, 11, 25, 28, 17, 21, 28, 32, 24, 6, 15, 17, 19, 11, 36, 38, 37, 30, 2, 41, 15, 21, 4,   22, 24, 23, 32, 13, 33, 13, 19, 37, 3, 26, 33 ]
[ 22, 13, 30, 4, 32, 34, 18, 37, 41, 3, 19, 14, 22, 9, 18, 41, 32, 13, 37, 7, 24, 17, 6, 14, 4, 24, 31, 26, 23, 40,   20, 31, 20, 29, 42, 7, 26, 9, 17, 10, 42, 19 ]
[ 8, 31, 12, 33, 5, 19, 35, 40, 36, 18, 2, 23, 1, 23, 19, 33, 40, 36, 12, 25, 6, 7, 16, 5, 1, 30, 25, 22, 27, 21, 41,   21, 30, 42, 28, 27, 6, 16, 8, 42, 11, 18 ]
[ 5, 9, 36, 23, 12, 6, 1, 18, 27, 27, 36, 19, 28, 12, 31, 3, 9, 32, 31, 5, 28, 42, 25, 30, 34, 22, 1, 3, 6, 41, 17,   38, 42, 4, 17, 22, 41, 8, 21, 19, 21, 30 ]
[ 13, 37, 8, 13, 22, 14, 7, 26, 19, 37, 26, 29, 18, 4, 30, 8, 2, 30, 33, 29, 4, 24, 42, 35, 31, 14, 23, 7, 2, 16, 40,   42, 39, 16, 5, 40, 23, 20, 9, 20, 18, 31 ]
[ 41, 19, 1, 21, 42, 38, 14, 8, 12, 42, 16, 33, 9, 26, 41, 25, 7, 6, 5, 11, 19, 26, 40, 25, 35, 21, 16, 30, 18, 11,   14, 8, 13, 30, 1, 34, 5, 29, 35, 7, 34, 40 ]
[ 27, 14, 18, 42, 20, 1, 39, 13, 9, 17, 42, 8, 32, 40, 40, 6, 24, 4, 7, 18, 10, 41, 27, 34, 24, 17, 20, 19, 31, 1,   10, 12, 9, 14, 31, 4, 35, 34, 28, 35, 6, 41 ]
[ 20, 15, 4, 40, 29, 20, 32, 17, 24, 10, 9, 1, 23, 39, 29, 31, 38, 26, 14, 9, 2, 1, 32, 17, 3, 31, 24, 12, 35, 10,   23, 2, 35, 38, 26, 19, 15, 28, 36, 25, 12, 28 ]
[ 38, 5, 15, 28, 41, 33, 21, 25, 16, 8, 11, 22, 14, 21, 28, 39, 30, 1, 27, 3, 8, 33, 14, 2, 16, 25, 30, 34, 13, 22,   11, 34, 3, 27, 39, 15, 18, 37, 29, 13, 24, 29 ]
[ 40, 10, 31, 16, 16, 31, 10, 9, 32, 20, 20, 12, 12, 2, 26, 23, 35, 23, 35, 1, 36, 40, 2, 6, 28, 42, 15, 36, 1, 38,   19, 33, 8, 19, 38, 6, 28, 25, 5, 5, 25, 27 ]
[ 3, 30, 11, 17, 17, 11, 30, 33, 8, 21, 21, 13, 13, 41, 27, 34, 22, 34, 22, 37, 14, 3, 41, 29, 7, 15, 42, 14, 37, 18,   39, 9, 32, 39, 18, 29, 7, 4, 24, 24, 4, 26 ]
[ 17, 21, 34, 41, 4, 15, 13, 21, 35, 19, 8, 11, 4, 14, 34, 1, 37, 41, 30, 13, 26, 38, 9, 15, 26, 38, 7, 8, 7, 39, 29,   40, 24, 11, 40, 14, 16, 24, 10, 29, 9, 35 ]
[ 10, 25, 24, 1, 14, 2, 3, 28, 29, 35, 34, 27, 26, 11, 15, 20, 21, 35, 34, 17, 16, 25, 24, 32, 33, 12, 13, 1, 14, 32,   33, 39, 38, 28, 29, 38, 39, 3, 2, 11, 10, 15 ]
[ 14, 23, 35, 11, 30, 26, 26, 35, 23, 7, 29, 2, 40, 37, 21, 16, 16, 5, 25, 15, 42, 29, 7, 12, 12, 8, 33, 18, 39, 33,   8, 30, 11, 5, 25, 1, 36, 2, 40, 18, 39, 20 ]
[ 36, 34, 22, 31, 10, 27, 27, 22, 34, 28, 6, 41, 3, 1, 20, 17, 17, 24, 4, 42, 15, 6, 28, 13, 13, 32, 9, 38, 19, 9,   32, 10, 31, 24, 4, 37, 14, 41, 3, 38, 19, 21 ]
[ 11, 7, 16, 22, 27, 8, 16, 29, 42, 13, 37, 7, 39, 42, 5, 30, 39, 18, 2, 2, 9, 13, 30, 40, 20, 34, 36, 4, 32, 5, 1,   6, 27, 40, 36, 20, 31, 18, 34, 9, 22, 4 ]
[ 42, 17, 6, 26, 23, 17, 9, 42, 28, 36, 12, 38, 6, 10, 4, 38, 31, 3, 19, 8, 3, 31, 12, 21, 41, 37, 35, 33, 5, 14, 4,   26, 7, 37, 41, 30, 21, 35, 19, 23, 8, 5 ]
[ 39, 29, 7, 18, 39, 40, 2, 24, 4, 24, 4, 40, 2, 18, 16, 42, 15, 7, 29, 20, 20, 34, 22, 9, 32, 9, 32, 31, 10, 12, 12,   36, 1, 35, 23, 31, 10, 27, 27, 1, 36, 17 ]
[ 19, 6, 28, 38, 19, 3, 41, 5, 25, 5, 25, 3, 41, 38, 17, 15, 42, 28, 6, 21, 21, 23, 35, 33, 8, 33, 8, 11, 30, 13, 13,   14, 37, 22, 34, 11, 30, 26, 26, 37, 14, 16 ]
[ 33, 18, 33, 32, 28, 30, 5, 2, 30, 11, 3, 4, 11, 6, 36, 13, 27, 39, 32, 23, 34, 22, 21, 7, 18, 39, 6, 24, 3, 42, 27,   17, 36, 20, 22, 2, 4, 42, 13, 17, 37, 37 ]
[ 7, 32, 19, 29, 33, 4, 31, 31, 3, 2, 10, 10, 5, 32, 37, 26, 12, 33, 38, 35, 22, 20, 23, 19, 6, 7, 38, 2, 25, 26, 42,   37, 16, 23, 21, 5, 3, 12, 42, 36, 16, 36 ]
[ 32, 11, 13, 9, 24, 39, 22, 3, 14, 38, 41, 34, 37, 34, 39, 9, 3, 14, 13, 4, 29, 28, 17, 24, 37, 10, 4, 35, 26, 20,   2, 20, 10, 15, 7, 26, 29, 17, 32, 15, 31, 38 ]
[ 35, 12, 10, 25, 8, 23, 38, 1, 2, 40, 39, 36, 35, 33, 38, 2, 8, 12, 1, 28, 5, 16, 29, 36, 25, 5, 11, 27, 34, 3, 21,   11, 21, 6, 15, 28, 27, 33, 16, 30, 15, 39 ]
[ 4, 3, 41, 14, 37, 24, 4, 19, 38, 23, 35, 15, 42, 24, 13, 35, 23, 21, 21, 14, 37, 10, 31, 38, 19, 26, 26, 16, 16,   29, 7, 7, 29, 33, 8, 8, 33, 10, 31, 2, 40, 12 ]
[ 25, 40, 2, 36, 1, 5, 25, 39, 18, 34, 22, 42, 15, 5, 12, 22, 34, 20, 20, 36, 1, 30, 11, 18, 39, 27, 27, 17, 17, 6,   28, 28, 6, 9, 32, 32, 9, 30, 11, 41, 3, 13 ]
[ 12, 1, 32, 12, 35, 36, 28, 27, 39, 1, 27, 6, 38, 25, 10, 32, 41, 10, 9, 6, 25, 5, 15, 22, 11, 36, 34, 28, 41, 17,   3, 15, 19, 17, 24, 3, 34, 21, 33, 21, 38, 11 ]
[ 24, 33, 14, 34, 13, 29, 37, 38, 26, 26, 14, 39, 7, 13, 11, 40, 33, 8, 11, 24, 7, 15, 4, 10, 23, 35, 37, 40, 29, 2,   16, 18, 15, 25, 16, 35, 2, 32, 20, 39, 20, 10 ]
[ 21, 42, 25, 3, 6, 21, 8, 16, 5, 30, 33, 37, 34, 19, 6, 11, 18, 27, 36, 33, 41, 37, 8, 16, 40, 11, 5, 13, 22, 30,   34, 41, 22, 18, 27, 39, 42, 7, 14, 4, 13, 7 ]
[ 18, 24, 42, 7, 2, 9, 20, 4, 17, 32, 31, 35, 36, 20, 7, 19, 10, 37, 26, 40, 32, 9, 36, 41, 17, 4, 10, 23, 12, 35,   31, 23, 40, 26, 19, 42, 38, 1, 6, 12, 5, 6 ]
[ 2, 39, 37, 20, 15, 18, 36, 32, 13, 15, 17, 9, 33, 27, 2, 4, 28, 29, 24, 31, 39, 27, 3, 4, 22, 20, 17, 10, 38, 31,   36, 32, 12, 10, 37, 23, 24, 6, 22, 28, 23, 3 ]
[ 26, 36, 38, 15, 21, 37, 19, 12, 33, 16, 15, 32, 8, 3, 3, 29, 5, 25, 28, 38, 30, 2, 26, 23, 5, 16, 21, 39, 11, 37,   30, 13, 33, 36, 11, 25, 22, 23, 7, 22, 29, 2 ]
[ 28, 8, 39, 6, 9, 25, 11, 11, 40, 41, 30, 30, 24, 8, 1, 27, 13, 9, 18, 22, 35, 21, 34, 39, 29, 28, 18, 41, 4, 27,   15, 1, 17, 34, 20, 24, 40, 13, 15, 14, 17, 14 ]
[ 9, 38, 9, 8, 7, 10, 24, 41, 10, 31, 40, 25, 31, 29, 14, 12, 26, 19, 8, 34, 23, 35, 20, 28, 38, 19, 29, 5, 40, 15,   26, 16, 14, 21, 35, 41, 25, 15, 12, 16, 1, 1 ]
[ 16, 20, 23, 2, 25, 42, 12, 20, 22, 39, 32, 31, 25, 36, 23, 37, 1, 2, 10, 12, 27, 18, 33, 42, 27, 18, 28, 32, 28,   19, 6, 3, 5, 31, 3, 36, 17, 5, 30, 6, 33, 22 ]
[ 37, 22, 21, 24, 3, 13, 42, 23, 21, 33, 38, 24, 30, 17, 22, 14, 36, 11, 3, 26, 13, 32, 19, 26, 42, 29, 19, 29, 33,   7, 18, 4, 2, 2, 30, 16, 37, 31, 4, 32, 7, 23 ]
[ 31, 28, 17, 35, 26, 32, 17, 6, 15, 12, 1, 28, 19, 15, 24, 10, 19, 38, 41, 41, 33, 12, 10, 3, 21, 23, 14, 25, 8, 24,   37, 29, 26, 3, 14, 21, 11, 38, 23, 33, 35, 25 ]
[ 15, 16, 29, 27, 34, 16, 33, 15, 7, 14, 13, 18, 29, 30, 25, 18, 11, 40, 39, 32, 40, 11, 13, 20, 2, 1, 22, 9, 24, 36,   25, 27, 28, 1, 2, 10, 20, 22, 39, 34, 32, 24 ]
[ 34, 26, 40, 30, 18, 35, 29, 14, 31, 4, 7, 16, 20, 7, 8, 5, 29, 42, 16, 39, 31, 14, 18, 1, 10, 41, 2, 42, 20, 25,   35, 5, 34, 8, 12, 9, 12, 39, 1, 40, 27, 9 ]
[ 6, 41, 27, 19, 31, 28, 34, 30, 1, 6, 5, 21, 17, 35, 9, 28, 4, 17, 42, 30, 38, 19, 1, 11, 14, 3, 40, 21, 42, 34, 24,   35, 4, 13, 9, 13, 8, 14, 38, 26, 41, 8 ]
[ 30, 4, 5, 37, 36, 41, 40, 7, 6, 22, 23, 26, 27, 31, 42, 21, 20, 22, 23, 16, 17, 4, 5, 8, 9, 13, 12, 37, 36, 8, 9,   19, 18, 7, 6, 18, 19, 40, 41, 31, 30, 42 ]
 
[ 1, 5, 1, 8, 2, 1, 13, 4, 1, 1, 1, 21, 7, 1, 1, 1, 1, 1, 1, 26, 12, 32, 1, 1, 35, 20, 1, 1, 1, 1, 1, 22, 1, 1,   25, 42, 1, 1, 1, 1, 1, 36, 1, 1, 1 ]
[ 5, 2, 8, 2, 1, 2, 14, 3, 2, 2, 22, 2, 2, 7, 2, 2, 2, 2, 2, 30, 41, 11, 2, 2, 2, 2, 2, 35, 2, 20, 36, 2, 2, 2,   28, 31, 2, 2, 2, 2, 21, 2, 2, 2, 2 ]
[ 3, 8, 3, 5, 4, 14, 3, 2, 3, 3, 23, 3, 3, 6, 3, 3, 3, 3, 28, 3, 3, 3, 11, 41, 3, 3, 3, 19, 3, 45, 39, 3, 3, 3,   3, 3, 3, 3, 31, 3, 24, 3, 3, 3, 30 ]
[ 8, 4, 5, 4, 3, 13, 4, 1, 4, 4, 4, 24, 6, 4, 4, 4, 4, 4, 25, 4, 4, 4, 32, 12, 19, 45, 4, 4, 4, 4, 4, 23, 4, 4,   4, 4, 4, 4, 42, 4, 4, 39, 4, 4, 26 ]
[ 2, 1, 4, 3, 5, 5, 5, 5, 5, 5, 32, 41, 14, 13, 5, 5, 5, 5, 5, 5, 5, 5, 5, 5, 28, 30, 5, 25, 5, 26, 42, 11, 5, 5,   5, 5, 5, 5, 5, 5, 12, 31, 5, 5, 5 ]
[ 6, 6, 14, 13, 6, 6, 8, 7, 23, 24, 6, 6, 4, 3, 6, 6, 6, 6, 33, 6, 6, 6, 9, 10, 6, 6, 6, 6, 6, 6, 6, 6, 19, 45,   6, 6, 6, 6, 43, 6, 6, 6, 39, 6, 34 ]
[ 13, 14, 7, 7, 7, 8, 7, 6, 22, 21, 7, 7, 1, 2, 7, 7, 7, 7, 7, 34, 10, 9, 7, 7, 7, 7, 7, 7, 7, 7, 7, 7, 35, 20,   33, 43, 7, 7, 7, 7, 7, 7, 36, 7, 7 ]
[ 4, 3, 2, 1, 8, 7, 6, 8, 8, 8, 8, 8, 8, 8, 8, 8, 8, 8, 35, 45, 24, 23, 22, 21, 8, 8, 8, 8, 8, 8, 8, 8, 8, 8,   19, 39, 8, 8, 36, 8, 8, 8, 8, 8, 20 ]
[ 9, 9, 9, 9, 9, 23, 22, 9, 9, 40, 14, 9, 32, 11, 33, 9, 34, 9, 9, 9, 9, 7, 6, 9, 9, 9, 9, 9, 9, 9, 9, 13, 15, 17,   9, 9, 43, 9, 9, 10, 9, 9, 37, 9, 9 ]
[ 10, 10, 10, 10, 10, 24, 21, 10, 40, 10, 10, 13, 12, 41, 10, 33, 10, 34, 10, 10, 7, 10, 10, 6, 10, 10, 10, 10, 10,   10, 10, 10, 16, 18, 10, 10, 10, 43, 10, 9, 14, 10, 38, 10, 10 ]
[ 11, 22, 23, 11, 32, 11, 11, 11, 14, 11, 11, 11, 11, 9, 28, 11, 30, 11, 11, 11, 11, 2, 3, 11, 11, 11, 11, 15, 11,   17, 37, 5, 11, 11, 11, 11, 31, 11, 11, 41, 40, 11, 11, 11, 11 ]
[ 21, 12, 12, 24, 41, 12, 12, 12, 12, 13, 12, 12, 10, 12, 12, 25, 12, 26, 12, 12, 1, 12, 12, 4, 16, 18, 12, 12, 12,   12, 12, 40, 12, 12, 12, 12, 12, 42, 12, 32, 5, 38, 12, 12, 12 ]
[ 7, 13, 13, 6, 14, 4, 1, 13, 32, 12, 13, 10, 13, 5, 13, 13, 13, 13, 13, 13, 13, 13, 13, 13, 33, 34, 13, 13, 13, 13,   13, 9, 25, 26, 13, 13, 13, 13, 13, 13, 13, 43, 42, 13, 13 ]
[ 14, 7, 6, 14, 13, 3, 2, 14, 11, 41, 9, 14, 5, 14, 14, 14, 14, 14, 14, 14, 14, 14, 14, 14, 14, 14, 14, 33, 14, 34,   43, 14, 28, 30, 14, 14, 14, 14, 14, 14, 10, 14, 31, 14, 14 ]
[ 15, 15, 15, 15, 15, 15, 15, 15, 33, 15, 28, 15, 15, 15, 15, 40, 44, 15, 23, 15, 15, 35, 19, 15, 32, 15, 37, 11, 15,   15, 15, 25, 9, 15, 22, 15, 27, 15, 15, 16, 15, 15, 15, 17, 15 ]
[ 16, 16, 16, 16, 16, 16, 16, 16, 16, 33, 16, 25, 16, 16, 40, 16, 16, 44, 24, 16, 35, 16, 16, 19, 12, 16, 38, 41, 16,   16, 16, 16, 10, 16, 21, 16, 16, 27, 16, 15, 28, 16, 16, 18, 16 ]
[ 17, 17, 17, 17, 17, 17, 17, 17, 34, 17, 30, 17, 17, 17, 44, 17, 17, 40, 17, 22, 17, 20, 45, 17, 17, 32, 17, 17, 37,   11, 17, 26, 17, 9, 17, 17, 29, 17, 17, 18, 17, 17, 17, 15, 23 ]
[ 18, 18, 18, 18, 18, 18, 18, 18, 18, 34, 18, 26, 18, 18, 18, 44, 40, 18, 18, 21, 20, 18, 18, 45, 18, 12, 18, 18, 38,   41, 18, 18, 18, 10, 18, 18, 18, 29, 18, 17, 30, 18, 18, 16, 24 ]
[ 19, 19, 28, 25, 19, 33, 19, 35, 19, 19, 19, 19, 19, 19, 23, 24, 19, 19, 19, 19, 19, 19, 15, 16, 4, 19, 39, 3, 19,   19, 19, 19, 6, 19, 8, 19, 19, 19, 27, 19, 19, 19, 19, 45, 44 ]
[ 26, 30, 20, 20, 20, 20, 34, 45, 20, 20, 20, 20, 20, 20, 20, 20, 22, 21, 20, 20, 18, 17, 20, 20, 20, 1, 20, 20, 36,   2, 20, 20, 20, 7, 44, 29, 20, 20, 20, 20, 20, 20, 20, 35, 8 ]
[ 12, 41, 21, 21, 21, 21, 10, 24, 21, 7, 21, 1, 21, 21, 21, 35, 21, 20, 21, 18, 21, 40, 21, 8, 21, 21, 21, 21, 21,   21, 21, 21, 21, 21, 16, 38, 21, 36, 21, 22, 2, 21, 21, 21, 21 ]
[ 32, 11, 22, 22, 22, 22, 9, 23, 7, 22, 2, 22, 22, 22, 35, 22, 20, 22, 22, 17, 40, 22, 8, 22, 22, 22, 22, 22, 22, 22,   22, 1, 22, 22, 15, 37, 36, 22, 22, 21, 22, 22, 22, 22, 22 ]
[ 23, 23, 11, 32, 23, 9, 23, 22, 6, 23, 3, 23, 23, 23, 19, 23, 45, 23, 15, 23, 23, 8, 23, 40, 23, 23, 23, 23, 23, 23,   23, 4, 23, 23, 23, 23, 39, 23, 37, 24, 23, 23, 23, 23, 17 ]
[ 24, 24, 41, 12, 24, 10, 24, 21, 24, 6, 24, 4, 24, 24, 24, 19, 24, 45, 16, 24, 8, 24, 40, 24, 24, 24, 24, 24, 24,   24, 24, 24, 24, 24, 24, 24, 24, 39, 38, 23, 3, 24, 24, 24, 18 ]
[ 35, 25, 25, 19, 28, 25, 25, 25, 25, 25, 25, 16, 33, 25, 32, 12, 25, 25, 4, 25, 25, 25, 25, 25, 25, 44, 42, 5, 25,   25, 25, 15, 13, 25, 1, 25, 25, 25, 25, 25, 25, 27, 25, 26, 25 ]
[ 20, 26, 26, 45, 30, 26, 26, 26, 26, 26, 26, 18, 34, 26, 26, 26, 32, 12, 26, 1, 26, 26, 26, 26, 44, 26, 26, 26, 42,   5, 26, 17, 26, 13, 26, 26, 26, 26, 26, 26, 26, 29, 26, 25, 4 ]
[ 27, 27, 27, 27, 27, 27, 27, 27, 27, 27, 27, 27, 27, 27, 37, 38, 27, 27, 39, 27, 27, 27, 27, 27, 42, 27, 27, 31, 44,   27, 28, 27, 43, 27, 36, 35, 15, 16, 19, 27, 27, 25, 33, 29, 27 ]
[ 28, 35, 19, 28, 25, 28, 28, 28, 28, 28, 15, 28, 28, 33, 11, 41, 28, 28, 3, 28, 28, 28, 28, 28, 5, 28, 31, 28, 28,   44, 27, 28, 14, 28, 2, 28, 28, 28, 28, 28, 16, 28, 28, 30, 28 ]
[ 29, 29, 29, 29, 29, 29, 29, 29, 29, 29, 29, 29, 29, 29, 29, 29, 37, 38, 29, 36, 29, 29, 29, 29, 29, 42, 44, 29, 29,   31, 30, 29, 29, 43, 29, 20, 17, 18, 45, 29, 29, 26, 34, 27, 39 ]
[ 30, 20, 45, 30, 26, 30, 30, 30, 30, 30, 17, 30, 30, 34, 30, 30, 11, 41, 30, 2, 30, 30, 30, 30, 30, 5, 30, 44, 31,   30, 29, 30, 30, 14, 30, 30, 30, 30, 30, 30, 18, 30, 30, 28, 3 ]
[ 31, 36, 39, 31, 42, 31, 31, 31, 31, 31, 37, 31, 31, 43, 31, 31, 31, 31, 31, 31, 31, 31, 31, 31, 31, 31, 28, 27, 30,   29, 31, 31, 31, 31, 31, 2, 11, 41, 3, 31, 38, 5, 14, 31, 31 ]
[ 22, 32, 32, 23, 11, 32, 32, 32, 13, 32, 5, 40, 9, 32, 25, 32, 26, 32, 32, 32, 32, 1, 4, 32, 15, 17, 32, 32, 32, 32,   32, 32, 32, 32, 32, 32, 42, 32, 32, 12, 32, 37, 32, 32, 32 ]
[ 33, 33, 33, 33, 33, 19, 35, 33, 15, 16, 33, 33, 25, 28, 9, 10, 33, 33, 6, 33, 33, 33, 33, 33, 13, 33, 43, 14, 33,   33, 33, 33, 33, 44, 7, 33, 33, 33, 33, 33, 33, 33, 27, 34, 33 ]
[ 34, 34, 34, 34, 34, 45, 20, 34, 17, 18, 34, 34, 26, 30, 34, 34, 9, 10, 34, 7, 34, 34, 34, 34, 34, 13, 34, 34, 43,   14, 34, 34, 44, 34, 34, 34, 34, 34, 34, 34, 34, 34, 29, 33, 6 ]
[ 25, 28, 35, 35, 35, 35, 33, 19, 35, 35, 35, 35, 35, 35, 22, 21, 35, 35, 8, 44, 16, 15, 35, 35, 1, 35, 36, 2, 35,   35, 35, 35, 7, 35, 35, 27, 35, 35, 35, 35, 35, 35, 35, 20, 35 ]
[ 42, 31, 36, 36, 36, 36, 43, 39, 36, 36, 36, 36, 36, 36, 36, 36, 36, 36, 36, 29, 38, 37, 36, 36, 36, 36, 35, 36, 20,   36, 2, 36, 36, 36, 27, 36, 22, 21, 8, 36, 36, 1, 7, 36, 36 ]
[ 37, 37, 37, 37, 37, 37, 37, 37, 43, 37, 31, 37, 37, 37, 27, 37, 29, 37, 37, 37, 37, 36, 39, 37, 37, 37, 15, 37, 17,   37, 11, 42, 37, 37, 37, 22, 37, 40, 23, 38, 37, 32, 9, 37, 37 ]
[ 38, 38, 38, 38, 38, 38, 38, 38, 38, 43, 38, 42, 38, 38, 38, 27, 38, 29, 38, 38, 36, 38, 38, 39, 38, 38, 16, 38, 18,   38, 41, 38, 38, 38, 38, 21, 40, 38, 24, 37, 31, 12, 10, 38, 38 ]
[ 39, 39, 31, 42, 39, 43, 39, 36, 39, 39, 39, 39, 39, 39, 39, 39, 39, 39, 27, 39, 39, 39, 37, 38, 39, 39, 19, 39, 45,   39, 3, 39, 39, 39, 39, 8, 23, 24, 39, 39, 39, 4, 6, 39, 29 ]
[ 40, 40, 40, 40, 40, 40, 40, 40, 10, 9, 41, 32, 40, 40, 16, 15, 18, 17, 40, 40, 22, 21, 24, 23, 40, 40, 40, 40, 40,   40, 40, 12, 40, 40, 40, 40, 38, 37, 40, 40, 11, 40, 40, 40, 40 ]
[ 41, 21, 24, 41, 12, 41, 41, 41, 41, 14, 40, 5, 41, 10, 41, 28, 41, 30, 41, 41, 2, 41, 41, 3, 41, 41, 41, 16, 41,   18, 38, 41, 41, 41, 41, 41, 41, 31, 41, 11, 41, 41, 41, 41, 41 ]
[ 36, 42, 42, 39, 31, 42, 42, 42, 42, 42, 42, 38, 43, 42, 42, 42, 42, 42, 42, 42, 42, 42, 42, 42, 27, 29, 25, 42, 26,   42, 5, 37, 42, 42, 42, 1, 32, 12, 4, 42, 42, 42, 13, 42, 42 ]
[ 43, 43, 43, 43, 43, 39, 36, 43, 37, 38, 43, 43, 42, 31, 43, 43, 43, 43, 43, 43, 43, 43, 43, 43, 43, 43, 33, 43, 34,   43, 14, 43, 27, 29, 43, 7, 9, 10, 6, 43, 43, 13, 43, 43, 43 ]
[ 44, 44, 44, 44, 44, 44, 44, 44, 44, 44, 44, 44, 44, 44, 17, 18, 15, 16, 45, 35, 44, 44, 44, 44, 26, 25, 29, 30, 27,   28, 44, 44, 34, 33, 20, 44, 44, 44, 44, 44, 44, 44, 44, 44, 19 ]
[ 45, 45, 30, 26, 45, 34, 45, 20, 45, 45, 45, 45, 45, 45, 45, 45, 23, 24, 44, 8, 45, 45, 17, 18, 45, 4, 45, 45, 39,   3, 45, 45, 45, 6, 45, 45, 45, 45, 29, 45, 45, 45, 45, 19, 45 ]
 
[ 1, 1, 1, 1, 35, 31, 1, 1, 24, 33, 30, 34, 18, 1, 1, 45, 38, 13, 1, 36, 28, 27, 26, 9, 1, 23, 22, 21, 43, 11, 6, 1,   10, 12, 5, 20, 40, 17, 42, 37, 1, 39, 29, 1, 16 ]
[ 2, 2, 19, 2, 38, 2, 44, 2, 11, 37, 9, 21, 2, 32, 2, 2, 35, 2, 3, 2, 12, 42, 43, 30, 41, 29, 39, 34, 26, 24, 2, 14,   40, 28, 17, 2, 10, 5, 27, 33, 25, 22, 23, 7, 2 ]
[ 3, 19, 3, 44, 3, 38, 3, 32, 3, 22, 13, 42, 11, 3, 41, 3, 31, 30, 2, 43, 37, 10, 3, 3, 3, 3, 33, 40, 36, 18, 17, 8,   27, 39, 3, 29, 21, 6, 34, 28, 15, 12, 20, 4, 3 ]
[ 4, 4, 44, 4, 34, 20, 19, 4, 4, 26, 4, 35, 45, 41, 4, 18, 21, 16, 7, 6, 17, 4, 33, 4, 32, 10, 4, 38, 37, 4, 36, 25,   23, 5, 12, 31, 29, 28, 4, 43, 14, 4, 40, 3, 13 ]
[ 35, 38, 5, 34, 5, 19, 23, 5, 5, 30, 36, 5, 29, 45, 21, 5, 5, 22, 6, 33, 15, 18, 7, 25, 24, 5, 43, 5, 13, 10, 5, 5,   20, 4, 1, 11, 41, 2, 44, 5, 37, 5, 27, 39, 14 ]
[ 31, 6, 38, 20, 19, 6, 33, 45, 29, 6, 26, 30, 6, 6, 18, 6, 6, 15, 5, 4, 24, 25, 34, 21, 22, 11, 6, 43, 9, 12, 1, 6,   7, 23, 6, 6, 6, 3, 6, 44, 42, 41, 28, 40, 8 ]
[ 7, 44, 7, 19, 23, 33, 7, 41, 45, 31, 7, 36, 7, 7, 32, 24, 22, 7, 4, 34, 7, 17, 5, 16, 7, 35, 38, 7, 42, 7, 10, 15,   6, 20, 26, 12, 7, 27, 43, 7, 8, 29, 39, 2, 9 ]
[ 8, 8, 32, 8, 8, 45, 41, 8, 42, 43, 22, 8, 20, 19, 8, 31, 8, 36, 14, 13, 8, 11, 37, 39, 44, 40, 30, 8, 33, 27, 16,   3, 29, 8, 8, 18, 23, 8, 24, 26, 7, 9, 10, 25, 6 ]
[ 24, 11, 9, 9, 9, 29, 45, 42, 9, 9, 2, 32, 19, 23, 27, 9, 40, 9, 13, 37, 43, 9, 14, 1, 35, 9, 15, 31, 6, 9, 28, 12,   41, 9, 25, 38, 20, 36, 9, 17, 33, 8, 21, 9, 7 ]
[ 33, 37, 22, 26, 30, 10, 31, 43, 10, 10, 20, 19, 32, 10, 10, 39, 10, 10, 12, 11, 42, 3, 10, 41, 38, 4, 10, 45, 10,   5, 7, 13, 1, 10, 36, 35, 2, 25, 16, 10, 24, 21, 8, 10, 28 ]
[ 30, 9, 13, 11, 36, 26, 11, 22, 2, 20, 11, 23, 3, 21, 39, 11, 41, 11, 11, 10, 14, 8, 12, 11, 40, 6, 11, 11, 11, 1,   34, 43, 35, 31, 33, 5, 11, 11, 15, 25, 17, 11, 32, 45, 44 ]
[ 34, 21, 42, 35, 12, 30, 36, 12, 32, 19, 23, 12, 12, 43, 38, 40, 12, 41, 10, 12, 2, 37, 11, 12, 12, 31, 45, 12, 12,   6, 26, 9, 12, 1, 4, 7, 22, 15, 12, 16, 18, 3, 14, 12, 27 ]
[ 18, 13, 11, 45, 29, 13, 13, 20, 19, 32, 3, 13, 13, 37, 31, 13, 39, 1, 9, 8, 13, 43, 42, 13, 28, 38, 35, 25, 5, 13,   15, 10, 13, 41, 27, 13, 14, 26, 17, 13, 34, 23, 22, 13, 4 ]
[ 14, 32, 14, 41, 45, 14, 14, 19, 23, 14, 21, 43, 37, 14, 44, 35, 14, 40, 8, 42, 11, 14, 9, 26, 14, 24, 14, 30, 34,   28, 14, 2, 14, 29, 16, 39, 13, 14, 36, 18, 4, 20, 12, 15, 5 ]
[ 15, 15, 41, 15, 21, 18, 32, 15, 27, 15, 39, 38, 31, 44, 15, 20, 34, 6, 25, 16, 5, 24, 15, 22, 19, 15, 9, 35, 15,   42, 13, 7, 15, 17, 28, 45, 15, 12, 11, 15, 3, 30, 15, 14, 36 ]
[ 45, 16, 16, 18, 16, 16, 24, 31, 16, 39, 16, 40, 16, 35, 20, 16, 32, 4, 16, 15, 33, 34, 25, 7, 23, 16, 37, 42, 16,   44, 8, 17, 21, 22, 14, 16, 27, 16, 10, 12, 43, 28, 41, 30, 1 ]
[ 38, 35, 31, 21, 17, 17, 22, 17, 40, 17, 41, 17, 39, 17, 34, 32, 17, 23, 17, 24, 4, 7, 18, 20, 33, 42, 17, 17, 44,   17, 3, 16, 25, 15, 2, 37, 36, 1, 13, 9, 11, 26, 17, 29, 17 ]
[ 13, 18, 30, 16, 22, 15, 18, 36, 18, 18, 18, 41, 1, 40, 6, 4, 23, 18, 24, 18, 25, 5, 17, 19, 21, 39, 29, 18, 27, 3,   18, 33, 32, 18, 43, 8, 18, 42, 26, 14, 12, 38, 35, 18, 18 ]
[ 19, 3, 2, 7, 6, 5, 4, 14, 13, 12, 19, 10, 9, 8, 25, 19, 19, 24, 19, 23, 22, 21, 20, 18, 15, 36, 28, 27, 19, 19, 35,   19, 34, 33, 31, 26, 42, 19, 40, 39, 19, 37, 19, 19, 19 ]
[ 36, 20, 43, 6, 33, 4, 34, 13, 37, 11, 10, 20, 8, 42, 16, 15, 24, 20, 23, 20, 20, 32, 19, 17, 20, 20, 20, 44, 20,   35, 20, 22, 5, 7, 30, 1, 9, 40, 20, 38, 20, 14, 3, 28, 20 ]
[ 28, 12, 37, 17, 15, 24, 21, 21, 43, 42, 14, 2, 21, 11, 5, 33, 4, 25, 22, 21, 21, 19, 32, 6, 18, 21, 21, 1, 31, 21,   29, 23, 16, 21, 21, 44, 3, 21, 45, 21, 21, 10, 9, 36, 39 ]
[ 27, 42, 10, 22, 18, 25, 17, 11, 22, 3, 8, 37, 43, 22, 24, 34, 7, 5, 21, 32, 19, 22, 22, 15, 6, 44, 1, 22, 35, 22,   22, 20, 22, 16, 29, 22, 12, 22, 22, 45, 22, 2, 13, 26, 40 ]
[ 26, 43, 23, 33, 7, 34, 5, 37, 14, 23, 12, 11, 42, 9, 23, 25, 18, 17, 20, 19, 32, 23, 23, 23, 16, 1, 44, 23, 23, 31,   30, 21, 4, 6, 23, 23, 8, 39, 38, 23, 23, 13, 2, 27, 23 ]
[ 9, 30, 24, 24, 25, 21, 16, 39, 1, 41, 24, 24, 24, 26, 22, 7, 20, 19, 18, 17, 6, 15, 24, 24, 5, 14, 24, 29, 28, 2,   43, 34, 24, 32, 24, 40, 38, 37, 8, 36, 10, 24, 31, 24, 24 ]
[ 25, 41, 25, 32, 24, 22, 25, 44, 35, 38, 40, 25, 28, 25, 19, 23, 33, 21, 15, 25, 18, 6, 16, 5, 25, 45, 31, 13, 25,   37, 27, 4, 17, 25, 9, 25, 30, 10, 25, 11, 2, 25, 25, 8, 26 ]
[ 23, 29, 26, 10, 26, 11, 35, 40, 26, 4, 6, 31, 38, 24, 26, 26, 42, 39, 36, 26, 26, 44, 1, 14, 45, 26, 26, 32, 2, 34,   12, 28, 26, 30, 7, 19, 26, 13, 18, 8, 26, 17, 26, 22, 25 ]
[ 22, 39, 33, 27, 43, 27, 38, 30, 15, 27, 27, 45, 35, 27, 9, 37, 27, 29, 28, 27, 27, 1, 44, 27, 31, 27, 27, 19, 18,   8, 25, 36, 3, 40, 13, 32, 16, 7, 2, 34, 27, 27, 5, 23, 12 ]
[ 21, 34, 40, 38, 28, 43, 28, 28, 31, 45, 28, 28, 25, 30, 35, 42, 28, 28, 27, 44, 1, 28, 28, 29, 13, 32, 19, 28, 24,   14, 9, 26, 39, 2, 15, 28, 28, 4, 33, 3, 28, 16, 6, 20, 10 ]
[ 43, 26, 36, 37, 13, 9, 42, 33, 6, 29, 29, 29, 5, 34, 29, 29, 44, 27, 29, 29, 31, 35, 29, 28, 29, 2, 18, 24, 29, 32,   21, 30, 8, 14, 22, 3, 4, 29, 29, 29, 45, 7, 1, 17, 41 ]
[ 11, 24, 18, 30, 10, 12, 30, 27, 30, 5, 1, 6, 30, 28, 42, 44, 30, 3, 30, 35, 30, 30, 31, 2, 37, 34, 8, 14, 32, 30,   23, 29, 36, 26, 20, 33, 25, 41, 30, 30, 38, 15, 30, 16, 30 ]
[ 6, 31, 17, 36, 31, 1, 10, 16, 28, 7, 34, 26, 15, 31, 13, 8, 3, 31, 35, 31, 29, 31, 30, 43, 27, 12, 25, 9, 21, 23,   31, 31, 31, 11, 19, 4, 44, 31, 41, 31, 39, 31, 24, 37, 31 ]
[ 32, 14, 8, 25, 32, 32, 15, 3, 12, 13, 43, 9, 10, 2, 7, 17, 16, 33, 32, 22, 23, 20, 21, 34, 4, 28, 36, 26, 30, 29,   32, 32, 18, 24, 32, 27, 32, 45, 32, 32, 32, 32, 11, 32, 38 ]
[ 10, 40, 27, 23, 20, 7, 6, 29, 41, 1, 35, 33, 33, 33, 33, 21, 25, 32, 34, 5, 16, 33, 4, 33, 17, 33, 3, 39, 8, 36,   33, 18, 33, 19, 11, 30, 33, 33, 28, 2, 9, 45, 33, 33, 42 ]
[ 12, 28, 39, 5, 4, 23, 20, 34, 34, 34, 31, 1, 41, 29, 17, 22, 15, 34, 33, 7, 34, 16, 6, 32, 34, 30, 40, 2, 14, 26,   11, 24, 19, 34, 34, 34, 45, 34, 3, 27, 13, 34, 34, 34, 37 ]
[ 5, 17, 35, 12, 1, 35, 26, 35, 25, 36, 33, 4, 27, 16, 28, 14, 2, 43, 31, 30, 35, 29, 35, 35, 9, 7, 13, 15, 22, 20,   19, 35, 11, 35, 35, 10, 35, 35, 35, 41, 40, 44, 18, 42, 35 ]
[ 20, 36, 29, 31, 11, 36, 12, 18, 38, 35, 5, 7, 36, 39, 45, 36, 37, 8, 26, 1, 44, 36, 36, 40, 36, 19, 32, 36, 3, 33,   4, 27, 30, 36, 10, 36, 17, 9, 14, 24, 36, 36, 36, 21, 15 ]
[ 40, 10, 21, 29, 41, 37, 37, 23, 20, 2, 37, 22, 14, 13, 37, 27, 36, 37, 42, 9, 3, 12, 8, 38, 30, 37, 16, 37, 4, 25,   44, 37, 37, 45, 37, 17, 37, 24, 37, 1, 5, 19, 37, 31, 34 ]
[ 17, 5, 6, 28, 2, 3, 27, 38, 36, 25, 38, 15, 26, 38, 12, 38, 1, 42, 38, 40, 38, 38, 39, 37, 10, 13, 7, 4, 38, 41,   38, 45, 38, 38, 38, 9, 24, 38, 23, 20, 30, 18, 44, 43, 32 ]
[ 42, 27, 34, 39, 44, 39, 43, 24, 39, 16, 15, 39, 17, 36, 11, 10, 13, 26, 40, 39, 45, 39, 38, 8, 39, 18, 2, 33, 39,   39, 41, 39, 28, 3, 39, 14, 39, 23, 39, 19, 31, 1, 7, 5, 21 ]
[ 37, 33, 28, 43, 40, 44, 40, 26, 17, 40, 25, 16, 40, 18, 40, 12, 9, 14, 39, 38, 40, 45, 40, 36, 11, 8, 34, 3, 40,   40, 40, 40, 2, 27, 41, 24, 1, 20, 19, 40, 35, 40, 4, 6, 22 ]
[ 41, 25, 15, 14, 37, 42, 8, 7, 33, 24, 17, 18, 34, 4, 3, 43, 11, 12, 41, 41, 41, 41, 41, 10, 2, 41, 41, 41, 45, 38,   39, 41, 9, 13, 40, 41, 5, 30, 31, 35, 41, 6, 16, 41, 29 ]
[ 39, 22, 12, 42, 42, 41, 29, 9, 8, 21, 42, 3, 23, 20, 30, 28, 26, 38, 37, 14, 10, 2, 13, 42, 42, 17, 42, 16, 7, 15,   42, 42, 45, 42, 44, 42, 19, 18, 1, 42, 6, 42, 42, 35, 33 ]
[ 29, 23, 20, 40, 27, 28, 39, 10, 21, 8, 32, 14, 22, 12, 43, 41, 43, 35, 43, 3, 9, 13, 2, 31, 43, 43, 5, 6, 1, 43,   24, 11, 43, 43, 18, 43, 43, 44, 7, 4, 16, 43, 43, 38, 43 ]
[ 44, 7, 4, 3, 39, 40, 2, 25, 44, 44, 45, 44, 44, 15, 14, 30, 29, 44, 44, 28, 36, 26, 27, 44, 8, 22, 23, 20, 17, 16,   37, 44, 44, 44, 42, 21, 31, 43, 5, 6, 44, 35, 38, 44, 11 ]
[ 16, 45, 45, 13, 14, 8, 9, 6, 7, 28, 44, 27, 4, 5, 36, 1, 45, 45, 45, 45, 39, 40, 45, 45, 26, 25, 12, 10, 41, 45,   45, 38, 42, 37, 45, 15, 34, 32, 21, 22, 29, 33, 45, 11, 45 ]
 
[ 1, 1, 17, 6, 33, 4, 14, 23, 8, 18, 32, 20, 19, 27, 3, 30, 41, 10, 13, 12, 40, 28, 36, 2, 39, 7, 26, 11, 1, 16, 45,   22, 5, 2, 45, 9, 1, 29, 25, 21, 15, 29, 37, 37, 1 ]
[ 2, 2, 23, 8, 28, 36, 11, 20, 41, 19, 7, 17, 18, 33, 4, 14, 6, 13, 10, 15, 42, 27, 3, 1, 42, 5, 22, 30, 2, 26, 44,   16, 32, 1, 43, 12, 29, 2, 38, 38, 9, 2, 35, 31, 29 ]
[ 41, 23, 3, 3, 36, 29, 44, 12, 20, 31, 19, 8, 25, 4, 1, 39, 15, 4, 11, 6, 34, 3, 2, 30, 37, 39, 38, 13, 9, 24, 10,   45, 35, 33, 21, 3, 28, 27, 3, 22, 17, 22, 36, 7, 32 ]
[ 6, 20, 4, 4, 4, 1, 43, 15, 17, 35, 24, 41, 21, 3, 2, 40, 9, 3, 30, 8, 13, 36, 29, 11, 31, 42, 25, 10, 12, 19, 34,   43, 37, 27, 38, 4, 33, 28, 36, 16, 23, 26, 4, 5, 5 ]
[ 33, 30, 43, 5, 5, 37, 5, 19, 32, 20, 29, 25, 7, 22, 38, 27, 7, 39, 35, 10, 32, 14, 34, 41, 12, 2, 11, 26, 16, 28,   24, 5, 1, 23, 42, 43, 6, 15, 18, 31, 40, 8, 5, 4, 4 ]
[ 4, 12, 9, 1, 37, 6, 39, 6, 29, 41, 8, 36, 16, 38, 23, 13, 2, 31, 40, 3, 30, 34, 15, 7, 8, 41, 44, 44, 20, 21, 42,   18, 6, 22, 24, 17, 5, 14, 35, 19, 6, 32, 33, 6, 33 ]
[ 27, 11, 44, 32, 7, 35, 7, 18, 7, 23, 2, 21, 5, 26, 21, 28, 5, 40, 31, 34, 7, 30, 10, 6, 9, 1, 14, 16, 22, 33, 19,   7, 29, 20, 39, 45, 8, 9, 24, 37, 42, 41, 32, 3, 36 ]
[ 36, 15, 12, 2, 35, 8, 40, 8, 1, 8, 6, 3, 26, 21, 20, 10, 29, 37, 42, 4, 14, 10, 9, 32, 6, 8, 45, 43, 17, 38, 39,   24, 41, 26, 19, 23, 7, 30, 31, 18, 8, 5, 28, 41, 27 ]
[ 23, 41, 6, 17, 21, 20, 9, 36, 9, 40, 42, 9, 43, 10, 9, 15, 4, 27, 12, 29, 9, 35, 8, 33, 7, 37, 18, 12, 3, 44, 15,   21, 24, 30, 22, 1, 26, 7, 34, 45, 2, 11, 13, 39, 14 ]
[ 18, 19, 31, 38, 20, 26, 23, 10, 45, 10, 44, 39, 10, 9, 30, 8, 34, 1, 2, 5, 36, 8, 7, 13, 33, 10, 37, 4, 13, 42, 3,   34, 25, 10, 28, 27, 21, 35, 12, 14, 26, 43, 15, 11, 40 ]
[ 22, 7, 19, 24, 16, 25, 2, 25, 42, 44, 11, 43, 39, 11, 13, 29, 37, 30, 3, 14, 41, 32, 31, 4, 11, 33, 5, 1, 27, 11,   23, 28, 26, 12, 14, 30, 17, 41, 45, 34, 11, 9, 40, 10, 15 ]
[ 20, 6, 8, 23, 25, 17, 15, 3, 12, 39, 40, 12, 44, 13, 12, 12, 36, 33, 9, 1, 15, 31, 41, 27, 5, 31, 24, 9, 4, 45, 12,   38, 18, 11, 16, 2, 16, 32, 10, 43, 29, 14, 34, 42, 30 ]
[ 19, 18, 37, 21, 17, 16, 17, 34, 43, 13, 45, 42, 13, 12, 11, 6, 13, 2, 1, 32, 4, 41, 32, 10, 28, 34, 35, 3, 10, 40,   36, 13, 38, 13, 27, 33, 25, 31, 15, 30, 22, 44, 9, 14, 39 ]
[ 26, 32, 18, 18, 22, 38, 1, 21, 40, 45, 14, 44, 42, 14, 34, 2, 31, 14, 36, 11, 8, 5, 37, 36, 30, 27, 7, 29, 28, 14,   17, 33, 16, 15, 11, 14, 23, 6, 43, 10, 30, 12, 39, 13, 9 ]
[ 17, 8, 41, 20, 38, 23, 12, 4, 15, 42, 39, 15, 45, 34, 15, 9, 3, 28, 15, 2, 12, 37, 6, 28, 32, 35, 19, 15, 36, 43,   9, 25, 19, 14, 26, 29, 22, 5, 13, 44, 1, 30, 10, 40, 11 ]
[ 30, 33, 26, 40, 11, 13, 28, 22, 31, 22, 27, 16, 6, 32, 31, 16, 18, 44, 21, 45, 19, 16, 25, 23, 43, 16, 29, 7, 5, 1,   16, 2, 14, 41, 12, 42, 12, 17, 26, 4, 34, 36, 24, 38, 20 ]
[ 15, 36, 1, 9, 13, 12, 13, 29, 4, 32, 37, 2, 17, 31, 41, 44, 17, 38, 45, 17, 43, 25, 17, 26, 19, 24, 20, 39, 8, 23,   14, 17, 42, 32, 23, 6, 11, 16, 28, 20, 3, 33, 21, 18, 22 ]
[ 10, 13, 14, 14, 39, 42, 37, 7, 27, 1, 36, 33, 2, 18, 24, 38, 16, 18, 18, 25, 26, 43, 45, 18, 20, 23, 9, 24, 19, 36,   32, 6, 12, 19, 41, 18, 40, 44, 5, 8, 35, 31, 22, 17, 21 ]
[ 13, 10, 11, 30, 42, 40, 31, 5, 28, 2, 3, 28, 1, 24, 19, 21, 22, 19, 19, 38, 16, 45, 44, 19, 17, 20, 15, 19, 18, 4,   7, 41, 15, 18, 8, 24, 39, 43, 32, 6, 37, 35, 26, 23, 25 ]
[ 12, 4, 29, 15, 10, 9, 34, 2, 3, 5, 35, 1, 23, 35, 8, 45, 20, 25, 43, 20, 44, 21, 20, 22, 18, 19, 17, 42, 6, 20, 30,   23, 39, 7, 20, 41, 30, 26, 33, 17, 36, 28, 38, 24, 16 ]
[ 40, 25, 33, 13, 9, 30, 21, 14, 21, 27, 38, 7, 4, 8, 7, 19, 43, 23, 16, 24, 21, 20, 26, 44, 21, 45, 36, 31, 39, 6,   28, 9, 34, 35, 3, 37, 10, 21, 29, 1, 38, 25, 17, 22, 18 ]
[ 11, 27, 22, 39, 14, 34, 33, 16, 35, 16, 28, 26, 41, 5, 37, 22, 19, 43, 25, 44, 24, 22, 38, 20, 45, 22, 2, 32, 7,   29, 26, 1, 30, 6, 9, 39, 15, 23, 22, 3, 13, 3, 18, 21, 17 ]
[ 9, 3, 2, 12, 34, 15, 10, 1, 36, 7, 31, 29, 20, 37, 6, 43, 23, 21, 44, 23, 45, 38, 23, 16, 24, 18, 23, 40, 41, 17,   11, 20, 40, 5, 17, 8, 14, 22, 27, 23, 4, 27, 25, 19, 26 ]
[ 34, 34, 30, 11, 40, 39, 35, 32, 33, 29, 4, 27, 29, 19, 18, 25, 26, 24, 24, 21, 22, 44, 43, 24, 23, 17, 12, 18, 24,   3, 5, 8, 9, 24, 6, 19, 42, 45, 7, 41, 31, 37, 16, 20, 38 ]
[ 39, 21, 28, 34, 12, 11, 38, 11, 38, 33, 25, 5, 3, 41, 32, 24, 45, 20, 22, 18, 25, 17, 16, 43, 25, 44, 4, 37, 40,   41, 27, 15, 10, 31, 36, 35, 13, 25, 1, 29, 25, 21, 23, 26, 19 ]
[ 14, 28, 16, 42, 30, 10, 27, 26, 37, 26, 33, 22, 8, 7, 35, 26, 24, 45, 38, 43, 18, 26, 21, 17, 44, 26, 1, 5, 32, 2,   22, 29, 11, 8, 15, 40, 9, 20, 16, 36, 10, 4, 19, 25, 23 ]
[ 7, 22, 38, 31, 29, 28, 26, 45, 18, 21, 16, 24, 35, 1, 33, 5, 40, 9, 33, 40, 37, 2, 27, 12, 34, 14, 27, 27, 11, 32,   25, 30, 27, 4, 13, 10, 36, 3, 23, 27, 43, 23, 41, 28, 8 ]
[ 32, 26, 25, 35, 2, 27, 16, 43, 19, 38, 22, 19, 37, 29, 28, 7, 39, 15, 28, 42, 31, 1, 33, 15, 13, 30, 28, 28, 14, 5,   21, 11, 28, 36, 10, 34, 3, 4, 17, 33, 45, 20, 8, 27, 41 ]
[ 29, 29, 20, 41, 27, 3, 30, 17, 6, 24, 5, 23, 24, 28, 36, 11, 8, 34, 34, 9, 39, 33, 4, 29, 40, 32, 16, 14, 29, 22,   43, 26, 7, 29, 44, 15, 2, 1, 21, 25, 12, 1, 31, 35, 2 ]
[ 16, 5, 24, 19, 26, 21, 29, 38, 39, 43, 30, 45, 40, 30, 10, 1, 35, 11, 4, 30, 6, 7, 35, 3, 14, 28, 32, 2, 33, 30,   20, 27, 22, 9, 30, 11, 20, 8, 44, 13, 14, 15, 42, 34, 12 ]
[ 35, 44, 10, 27, 41, 32, 19, 39, 16, 3, 23, 31, 33, 17, 16, 31, 14, 6, 7, 37, 28, 12, 11, 40, 4, 12, 34, 21, 43, 37,   31, 42, 36, 25, 31, 38, 31, 13, 8, 5, 24, 18, 29, 2, 35 ]
[ 28, 14, 45, 7, 32, 31, 32, 24, 5, 17, 1, 38, 32, 16, 25, 33, 32, 42, 37, 13, 5, 11, 13, 8, 15, 29, 30, 22, 26, 27,   18, 32, 2, 17, 40, 44, 41, 12, 19, 35, 39, 6, 7, 36, 3 ]
[ 5, 16, 21, 37, 1, 33, 22, 44, 24, 25, 26, 18, 31, 2, 27, 32, 42, 12, 27, 39, 35, 29, 28, 9, 10, 11, 33, 33, 30, 7,   38, 14, 33, 3, 34, 13, 4, 36, 20, 28, 44, 17, 6, 33, 6 ]
[ 24, 24, 35, 25, 23, 22, 20, 13, 44, 34, 43, 40, 34, 15, 14, 41, 10, 29, 29, 7, 3, 6, 5, 34, 27, 13, 31, 36, 34, 39,   4, 10, 21, 34, 33, 28, 38, 37, 9, 11, 16, 45, 12, 30, 42 ]
[ 31, 43, 34, 28, 8, 7, 24, 42, 22, 4, 20, 37, 27, 20, 26, 37, 30, 41, 5, 35, 33, 9, 30, 39, 36, 15, 13, 38, 44, 35,   35, 40, 3, 21, 35, 25, 35, 10, 6, 32, 18, 19, 2, 29, 31 ]
[ 8, 17, 36, 36, 3, 2, 45, 9, 23, 37, 18, 6, 38, 36, 29, 42, 12, 36, 14, 41, 10, 4, 1, 14, 35, 40, 21, 34, 15, 18,   13, 44, 31, 28, 25, 36, 27, 33, 4, 26, 20, 16, 3, 32, 7 ]
[ 37, 45, 13, 33, 6, 5, 18, 40, 26, 36, 17, 35, 28, 23, 22, 35, 11, 8, 32, 31, 27, 15, 14, 42, 3, 9, 10, 25, 45, 31,   37, 39, 4, 38, 37, 21, 37, 34, 41, 7, 19, 24, 1, 1, 37 ]
[ 42, 38, 27, 10, 15, 14, 25, 30, 25, 28, 21, 32, 36, 6, 5, 18, 44, 17, 26, 19, 38, 23, 22, 45, 38, 43, 3, 35, 42, 8,   33, 12, 13, 37, 4, 31, 34, 38, 2, 2, 21, 38, 20, 16, 24 ]
[ 25, 40, 39, 22, 18, 24, 6, 31, 30, 12, 15, 10, 11, 43, 45, 3, 28, 5, 41, 33, 29, 39, 42, 35, 1, 3, 42, 17, 21, 34,   8, 37, 20, 44, 7, 22, 19, 40, 39, 39, 32, 39, 14, 9, 13 ]
[ 21, 39, 42, 16, 24, 19, 8, 37, 14, 9, 12, 34, 30, 45, 44, 4, 27, 7, 6, 27, 1, 42, 40, 31, 29, 36, 40, 23, 25, 13,   41, 35, 23, 43, 32, 26, 18, 39, 40, 40, 5, 40, 11, 15, 10 ]
[ 3, 9, 15, 29, 31, 41, 42, 41, 2, 6, 41, 4, 22, 25, 17, 34, 1, 35, 39, 36, 11, 13, 12, 5, 41, 6, 43, 45, 23, 25, 40,   19, 8, 16, 18, 20, 32, 11, 37, 24, 41, 7, 27, 8, 28 ]
[ 38, 42, 40, 26, 19, 18, 41, 35, 11, 15, 9, 13, 14, 44, 43, 36, 33, 32, 8, 28, 2, 40, 39, 37, 2, 4, 39, 20, 38, 10,   6, 31, 17, 45, 5, 16, 24, 42, 42, 42, 7, 42, 30, 12, 34 ]
[ 44, 35, 5, 43, 43, 45, 4, 28, 13, 30, 34, 11, 9, 39, 42, 23, 21, 22, 20, 26, 17, 18, 24, 25, 16, 38, 41, 8, 31, 15,   29, 4, 45, 40, 2, 5, 44, 19, 14, 12, 27, 10, 43, 43, 43 ]
[ 43, 31, 7, 45, 45, 44, 3, 33, 34, 11, 10, 14, 12, 42, 40, 17, 38, 16, 23, 22, 20, 24, 19, 21, 26, 25, 6, 6, 35, 9,   2, 36, 44, 39, 29, 32, 43, 18, 30, 15, 33, 13, 44, 44, 44 ]
[ 45, 37, 32, 44, 44, 43, 36, 27, 10, 14, 13, 30, 15, 40, 39, 20, 25, 26, 17, 16, 23, 19, 18, 38, 22, 21, 8, 41, 37,   12, 1, 3, 43, 42, 1, 7, 45, 24, 11, 9, 28, 34, 45, 45, 45 ]
 
